0.505
0.375
0.355
0.4
0.375
0.365
0.425
0.385
0.36
0.38
0.4
0.365
0.365
0.355
0.375
0.335
0.385
0.375
0.405
0.37
0.38
0.355
0.38
0.41
0.375
0.38
0.38
0.355
0.385
0.365
0.4
0.375
0.42
0.41
0.39
0.39
0.35
0.355
0.38
0.39
0.4
0.41
0.405
0.34
0.39
0.335
0.39
0.36
0.39
0.41
0.36
0.365
0.4
0.4
0.36
0.4
0.345
0.365
0.39
0.37
0.345
0.36
0.375
0.39
0.38
0.365
0.38
0.375
0.335
0.395
0.34
0.39
0.375
0.36
0.36
0.37
0.38
0.345
0.38
0.35
0.415
0.41
0.395
0.335
0.33
0.4
0.41
0.405
0.34
0.4
0.4
0.385
0.4
0.375
0.4
0.42
0.375
0.4
0.385
0.355
