9.998158e-01 9.866587e-01 8.906546e-01 9.359669e-01 9.995537e-01 9.997187e-01 5
9.998872e-01 9.837287e-01 8.820367e-01 9.475835e-01 9.998401e-01 9.996678e-01 5
9.998533e-01 9.869315e-01 8.904566e-01 9.305522e-01 9.987746e-01 9.997629e-01 5
9.994746e-01 9.710068e-01 8.789040e-01 9.750461e-01 9.998010e-01 9.997380e-01 5
9.955906e-01 9.211931e-01 8.956888e-01 9.891532e-01 9.998623e-01 9.997354e-01 5
9.996683e-01 9.761158e-01 8.802028e-01 9.366148e-01 9.997504e-01 9.995785e-01 5
9.996822e-01 9.794485e-01 8.772514e-01 9.488495e-01 9.998266e-01 9.996421e-01 5
9.996498e-01 9.764963e-01 8.718591e-01 9.628834e-01 9.998093e-01 9.986434e-01 5
9.973114e-01 9.146302e-01 8.917923e-01 9.891773e-01 9.997863e-01 9.995492e-01 5
9.994712e-01 9.662731e-01 8.789974e-01 9.468258e-01 9.996282e-01 9.997081e-01 5
9.994552e-01 9.722829e-01 8.761052e-01 9.159485e-01 9.981182e-01 9.997969e-01 5
9.997045e-01 9.269969e-01 9.018781e-01 9.958150e-01 9.995881e-01 9.987694e-01 5
9.995445e-01 9.460919e-01 8.884651e-01 9.517807e-01 9.998450e-01 9.996089e-01 5
9.976808e-01 9.691787e-01 8.905222e-01 9.162839e-01 9.979708e-01 9.995581e-01 5
9.997249e-01 9.827273e-01 8.861024e-01 9.019599e-01 9.921757e-01 9.998631e-01 5
9.992897e-01 9.163440e-01 8.922775e-01 9.933560e-01 9.997814e-01 9.991481e-01 5
9.992743e-01 9.545087e-01 8.833719e-01 9.738528e-01 9.997379e-01 9.995319e-01 5
9.997080e-01 9.732480e-01 8.733385e-01 9.434671e-01 9.998262e-01 9.996501e-01 5
9.920971e-01 9.407113e-01 8.816400e-01 9.284517e-01 9.983020e-01 9.996992e-01 5
9.998627e-01 9.705875e-01 8.780224e-01 9.511675e-01 9.998434e-01 9.996875e-01 5
9.997087e-01 9.677507e-01 8.791597e-01 9.507252e-01 9.996134e-01 9.997918e-01 5
9.998082e-01 9.908594e-01 8.937646e-01 9.340540e-01 9.994055e-01 9.996921e-01 5
9.998187e-01 9.715081e-01 8.902175e-01 9.608099e-01 9.995933e-01 9.995090e-01 5
9.991957e-01 9.867045e-01 8.923886e-01 9.442310e-01 9.997487e-01 9.996046e-01 5
9.993816e-01 9.583193e-01 8.949490e-01 9.786053e-01 9.998453e-01 9.998678e-01 5
9.978163e-01 9.624022e-01 8.915429e-01 9.439409e-01 9.997533e-01 9.996825e-01 5
9.995711e-01 9.616504e-01 8.841411e-01 9.602801e-01 9.998476e-01 9.997421e-01 5
9.997951e-01 9.403420e-01 8.790920e-01 9.809846e-01 9.997466e-01 9.985303e-01 5
9.939875e-01 9.470790e-01 8.849810e-01 9.564419e-01 9.998154e-01 9.997077e-01 5
9.987858e-01 9.715282e-01 8.901224e-01 9.304714e-01 9.994722e-01 9.996774e-01 5
9.977820e-01 9.637295e-01 8.777284e-01 9.590975e-01 9.996876e-01 9.997003e-01 5
9.977768e-01 9.114805e-01 8.979290e-01 9.941127e-01 9.996856e-01 9.989772e-01 5
9.996754e-01 9.848969e-01 9.153651e-01 9.071051e-01 9.972512e-01 9.995912e-01 5
9.969176e-01 9.672223e-01 8.908268e-01 9.126777e-01 9.948591e-01 9.992555e-01 5
9.915307e-01 9.282756e-01 8.753649e-01 9.726837e-01 9.997714e-01 9.994550e-01 5
9.975273e-01 9.277897e-01 8.787480e-01 9.849077e-01 9.996023e-01 9.989314e-01 5
9.935170e-01 9.376619e-01 9.063016e-01 9.914475e-01 9.998065e-01 9.995735e-01 5
9.964316e-01 9.530930e-01 8.799991e-01 9.556105e-01 9.997455e-01 9.995948e-01 5
9.989033e-01 9.733736e-01 8.875659e-01 9.271876e-01 9.986477e-01 9.997663e-01 5
9.986587e-01 9.397692e-01 8.796109e-01 9.473154e-01 9.992022e-01 9.992672e-01 5
9.984468e-01 9.549826e-01 8.857888e-01 9.538688e-01 9.998396e-01 9.997086e-01 5
9.995871e-01 9.709026e-01 8.852005e-01 9.512757e-01 9.995843e-01 9.994040e-01 5
9.953241e-01 9.323724e-01 8.928231e-01 9.786857e-01 9.997110e-01 9.994135e-01 5
9.994143e-01 9.707137e-01 8.777708e-01 9.679506e-01 9.996871e-01 9.995410e-01 5
9.978986e-01 9.730716e-01 8.937765e-01 9.362573e-01 9.997951e-01 9.996642e-01 5
9.953485e-01 9.516114e-01 8.811516e-01 9.455465e-01 9.997531e-01 9.998605e-01 5
9.961729e-01 9.352313e-01 8.823196e-01 9.840214e-01 9.998758e-01 9.998326e-01 5
9.998231e-01 9.712746e-01 8.804761e-01 9.682137e-01 9.998621e-01 9.986039e-01 5
9.995866e-01 9.772633e-01 8.901138e-01 9.469072e-01 9.997093e-01 9.996989e-01 5
9.963226e-01 9.564273e-01 8.855890e-01 9.374929e-01 9.993689e-01 9.996737e-01 5
9.996723e-01 9.828015e-01 9.056404e-01 9.010350e-01 9.892381e-01 9.998732e-01 5
9.990556e-01 9.468624e-01 8.931747e-01 9.904482e-01 9.997610e-01 9.986996e-01 5
9.990838e-01 9.713890e-01 8.891175e-01 9.226697e-01 9.981596e-01 9.996661e-01 5
9.959477e-01 9.118906e-01 9.007667e-01 9.926959e-01 9.996883e-01 9.996887e-01 5
9.991397e-01 9.726206e-01 8.910314e-01 9.116567e-01 9.940932e-01 9.996436e-01 5
9.992688e-01 9.542163e-01 8.712528e-01 9.683857e-01 9.996370e-01 9.989213e-01 5
9.996149e-01 9.910804e-01 9.069665e-01 9.481794e-01 9.997575e-01 9.995263e-01 5
9.997214e-01 9.870020e-01 9.168743e-01 9.003522e-01 9.945814e-01 9.994220e-01 5
9.988639e-01 9.759727e-01 9.026564e-01 8.986174e-01 9.891473e-01 9.996932e-01 5
9.971735e-01 9.429708e-01 8.815464e-01 9.637236e-01 9.995921e-01 9.996530e-01 5
9.996857e-01 9.949144e-01 9.117932e-01 9.059609e-01 9.906552e-01 9.997391e-01 5
9.996214e-01 9.979611e-01 9.220615e-01 8.917577e-01 9.815515e-01 9.994203e-01 5
9.997456e-01 9.579018e-01 8.774939e-01 9.646333e-01 9.998095e-01 9.996439e-01 5
9.997245e-01 9.624216e-01 8.840709e-01 9.776240e-01 9.998532e-01 9.997226e-01 5
9.964716e-01 9.625283e-01 8.892261e-01 9.515141e-01 9.997616e-01 9.995585e-01 5
9.988874e-01 9.743290e-01 8.961460e-01 9.411520e-01 9.997377e-01 9.996790e-01 5
9.984434e-01 9.580100e-01 8.843557e-01 9.398420e-01 9.995349e-01 9.996349e-01 5
9.992625e-01 9.286594e-01 9.002640e-01 9.944886e-01 9.998482e-01 9.985683e-01 5
9.984207e-01 9.534776e-01 8.843823e-01 9.583527e-01 9.997630e-01 9.995994e-01 5
9.998032e-01 9.884101e-01 8.986898e-01 9.051696e-01 9.963802e-01 9.997552e-01 5
9.957537e-01 9.253272e-01 8.831215e-01 9.785950e-01 9.997155e-01 9.996507e-01 5
9.993588e-01 9.396280e-01 8.820498e-01 9.706925e-01 9.997651e-01 9.987978e-01 5
9.994731e-01 9.671807e-01 8.941201e-01 9.594990e-01 9.998227e-01 9.996168e-01 5
9.990464e-01 9.793327e-01 9.095909e-01 8.989365e-01 9.547935e-01 9.997850e-01 5
9.996568e-01 9.825665e-01 9.126759e-01 9.174154e-01 9.894522e-01 9.995717e-01 5
9.976443e-01 9.156294e-01 8.997450e-01 9.927083e-01 9.997434e-01 9.991350e-01 5
9.996526e-01 9.870918e-01 9.033321e-01 9.521407e-01 9.996436e-01 9.994715e-01 5
9.993450e-01 9.451166e-01 8.943690e-01 9.824483e-01 9.997215e-01 9.995830e-01 5
9.993695e-01 9.657486e-01 8.776706e-01 9.318458e-01 9.997279e-01 9.990989e-01 5
9.905959e-01 8.911608e-01 9.018365e-01 9.925628e-01 9.996702e-01 9.996276e-01 5
