9.995890e-01 9.527882e-01 8.688115e-01 9.199900e-01 9.999675e-01 9.999419e-01 2
9.998493e-01 9.843996e-01 8.890668e-01 9.102057e-01 9.999477e-01 9.999268e-01 2
9.928893e-01 9.401099e-01 8.744750e-01 9.739024e-01 9.999475e-01 9.998262e-01 2
9.799306e-01 9.213477e-01 8.976909e-01 9.872787e-01 9.994510e-01 9.997911e-01 2
9.999165e-01 9.821348e-01 8.621519e-01 9.452782e-01 9.999865e-01 9.999630e-01 2
9.999878e-01 9.921777e-01 9.215897e-01 8.672878e-01 9.876658e-01 9.999665e-01 2
9.999823e-01 9.684469e-01 8.892116e-01 9.055019e-01 9.992436e-01 9.999918e-01 2
9.706290e-01 9.026598e-01 8.735906e-01 9.731412e-01 9.999146e-01 9.987058e-01 2
9.998660e-01 9.791370e-01 8.544462e-01 9.376209e-01 9.999462e-01 9.999654e-01 2
9.999472e-01 9.818457e-01 8.964575e-01 8.798518e-01 9.939959e-01 1.000000e+00 2
1.000000e+00 9.651021e-01 8.862454e-01 8.634962e-01 9.819947e-01 1.000000e+00 2
9.755620e-01 9.077403e-01 8.710100e-01 9.632775e-01 9.999458e-01 9.994238e-01 2
9.999157e-01 9.788757e-01 8.506673e-01 9.386668e-01 9.999912e-01 1.000000e+00 2
9.995695e-01 9.435820e-01 8.364787e-01 9.448225e-01 9.999814e-01 9.999796e-01 2
9.934666e-01 9.237268e-01 8.516657e-01 9.703587e-01 9.999938e-01 9.999822e-01 2
9.672940e-01 9.077042e-01 8.698186e-01 9.836843e-01 9.999421e-01 9.997183e-01 2
9.997851e-01 9.640984e-01 8.350817e-01 9.477844e-01 9.999464e-01 9.999647e-01 2
9.999472e-01 9.589916e-01 8.560247e-01 9.597074e-01 9.999463e-01 9.997901e-01 2
9.997713e-01 9.563826e-01 8.755856e-01 9.129593e-01 9.994446e-01 9.998526e-01 2
9.877658e-01 9.187009e-01 8.719643e-01 9.204570e-01 9.985649e-01 9.998501e-01 2
9.995379e-01 9.530960e-01 8.800452e-01 9.361073e-01 9.999223e-01 9.999828e-01 2
9.997970e-01 9.816103e-01 8.981347e-01 9.091527e-01 9.994002e-01 9.998703e-01 2
9.967979e-01 9.345109e-01 8.726475e-01 9.706916e-01 9.999024e-01 9.997811e-01 2
9.930564e-01 9.260851e-01 8.768368e-01 9.694873e-01 9.994210e-01 9.998247e-01 2
9.999757e-01 9.671046e-01 8.964698e-01 8.828578e-01 9.895251e-01 9.999943e-01 2
9.999911e-01 9.757717e-01 8.917982e-01 8.909675e-01 9.937242e-01 9.999917e-01 2
9.991045e-01 9.433942e-01 8.759381e-01 9.068056e-01 9.970494e-01 9.999730e-01 2
9.854607e-01 9.296912e-01 8.867685e-01 9.509528e-01 9.999239e-01 9.986990e-01 2
9.998714e-01 9.540469e-01 8.353964e-01 9.371144e-01 9.999348e-01 9.999745e-01 2
9.999057e-01 9.579878e-01 8.683779e-01 8.996107e-01 9.980697e-01 9.999873e-01 2
9.939441e-01 9.232085e-01 8.650917e-01 9.136862e-01 9.969678e-01 9.999948e-01 2
9.565100e-01 9.074472e-01 8.937171e-01 9.837961e-01 9.998021e-01 9.989845e-01 2
9.976441e-01 9.252346e-01 8.490452e-01 9.716312e-01 9.999674e-01 9.999985e-01 2
9.999564e-01 9.726140e-01 8.864457e-01 9.268485e-01 9.999752e-01 9.999709e-01 2
9.957807e-01 9.371433e-01 8.679137e-01 9.238092e-01 9.996468e-01 9.999968e-01 2
9.941073e-01 9.419448e-01 8.926335e-01 9.322542e-01 9.993108e-01 9.991334e-01 2
9.996578e-01 9.556477e-01 8.462193e-01 9.542058e-01 9.997782e-01 9.999219e-01 2
9.999319e-01 9.711722e-01 8.887771e-01 8.907908e-01 9.954649e-01 9.998319e-01 2
9.997310e-01 9.539936e-01 8.870787e-01 8.915690e-01 9.929491e-01 9.997601e-01 2
9.705549e-01 9.171876e-01 8.779993e-01 9.591018e-01 9.998771e-01 9.997410e-01 2
9.998882e-01 9.682600e-01 8.849321e-01 9.190041e-01 9.997401e-01 9.999014e-01 2
9.998065e-01 9.675646e-01 8.835569e-01 9.300314e-01 9.998761e-01 9.997623e-01 2
9.958425e-01 9.317686e-01 8.832191e-01 9.568793e-01 9.998996e-01 9.999283e-01 2
9.884148e-01 9.266302e-01 8.846186e-01 9.600150e-01 9.994030e-01 9.995315e-01 2
9.998511e-01 9.470674e-01 8.623505e-01 9.412296e-01 9.998896e-01 9.999859e-01 2
9.999736e-01 9.494265e-01 8.844978e-01 9.174528e-01 9.995826e-01 9.999860e-01 2
9.850753e-01 9.281754e-01 8.816322e-01 9.286383e-01 9.985631e-01 9.999839e-01 2
9.690211e-01 9.131342e-01 8.889286e-01 9.721249e-01 9.999125e-01 9.983870e-01 2
9.998785e-01 9.458069e-01 8.488184e-01 9.265465e-01 9.994827e-01 9.998580e-01 2
9.999089e-01 9.645074e-01 8.978956e-01 8.988946e-01 9.971880e-01 9.998832e-01 2
9.999649e-01 9.631432e-01 8.866995e-01 8.868748e-01 9.727718e-01 9.998969e-01 2
9.764878e-01 9.227247e-01 8.913064e-01 9.474753e-01 9.997854e-01 9.986354e-01 2
9.994599e-01 9.614356e-01 8.715137e-01 9.556230e-01 9.998419e-01 9.998280e-01 2
9.999467e-01 9.581222e-01 9.022488e-01 9.306901e-01 9.994908e-01 9.998196e-01 2
9.989530e-01 9.502414e-01 8.877689e-01 9.152659e-01 9.964915e-01 9.999362e-01 2
9.995781e-01 9.567230e-01 9.121353e-01 9.204099e-01 9.973129e-01 9.994621e-01 2
9.995649e-01 9.691040e-01 8.824861e-01 9.351598e-01 9.997732e-01 9.996535e-01 2
9.999511e-01 9.801135e-01 9.218377e-01 8.923731e-01 9.882674e-01 9.996559e-01 2
9.997144e-01 9.602788e-01 9.136989e-01 8.983360e-01 9.848670e-01 9.997600e-01 2
9.877972e-01 9.380436e-01 8.995017e-01 9.260812e-01 9.951039e-01 9.996867e-01 2
9.997967e-01 9.555879e-01 8.660445e-01 9.298882e-01 9.999072e-01 9.999240e-01 2
9.995361e-01 9.552945e-01 8.814451e-01 9.500012e-01 9.999586e-01 9.998146e-01 2
9.996733e-01 9.564776e-01 8.943552e-01 9.244865e-01 9.984594e-01 9.998707e-01 2
9.848034e-01 9.296309e-01 8.924539e-01 9.647222e-01 9.993175e-01 9.996253e-01 2
9.995925e-01 9.474175e-01 8.780022e-01 9.587706e-01 9.998592e-01 9.999957e-01 2
9.931206e-01 9.341299e-01 8.896646e-01 9.420448e-01 9.999547e-01 9.999740e-01 2
1.000000e+00 9.715513e-01 9.104502e-01 8.945661e-01 9.719059e-01 9.999547e-01 2
9.802889e-01 9.259921e-01 8.941942e-01 9.708735e-01 9.998574e-01 9.981882e-01 2
9.971869e-01 9.253646e-01 8.651068e-01 9.447880e-01 9.997706e-01 9.998760e-01 2
9.945312e-01 9.444857e-01 8.993483e-01 9.241996e-01 9.993851e-01 9.999866e-01 2
9.741768e-01 9.197451e-01 8.771584e-01 9.574068e-01 9.999843e-01 9.999592e-01 2
9.921923e-01 9.462401e-01 9.137991e-01 9.283729e-01 9.970716e-01 9.986936e-01 2
9.905967e-01 9.215318e-01 8.698943e-01 9.751695e-01 9.998468e-01 9.998436e-01 2
9.998618e-01 9.746373e-01 9.032013e-01 8.796922e-01 9.745400e-01 9.998812e-01 2
9.983838e-01 9.537280e-01 8.876784e-01 9.087407e-01 9.920913e-01 9.999617e-01 2
9.962684e-01 9.444963e-01 8.866353e-01 9.170068e-01 9.965265e-01 9.989422e-01 2
9.994429e-01 9.745040e-01 8.833692e-01 9.098502e-01 9.979408e-01 9.996756e-01 2
9.996190e-01 9.591834e-01 8.891659e-01 9.205057e-01 9.981411e-01 9.997697e-01 2
9.997652e-01 9.701304e-01 8.916138e-01 9.041351e-01 9.932369e-01 9.996653e-01 2
9.775717e-01 9.283318e-01 8.868646e-01 9.326400e-01 9.983063e-01 9.996043e-01 2
