9.996540e-01 9.693674e-01 8.768189e-01 9.167379e-01 9.996222e-01 9.995501e-01 9
9.997933e-01 9.581261e-01 8.695695e-01 9.489304e-01 9.998936e-01 9.997181e-01 9
9.978199e-01 9.494829e-01 8.581918e-01 9.613642e-01 9.999403e-01 9.998503e-01 9
9.941014e-01 9.252044e-01 8.743409e-01 9.922258e-01 9.998837e-01 9.994753e-01 9
9.997972e-01 9.521633e-01 8.782963e-01 9.685307e-01 9.997225e-01 9.999343e-01 9
9.975385e-01 9.679337e-01 8.737224e-01 9.451190e-01 9.999350e-01 9.999594e-01 9
9.986802e-01 9.553676e-01 8.933718e-01 9.479323e-01 9.999684e-01 9.999898e-01 9
9.981055e-01 9.602189e-01 8.923262e-01 9.802681e-01 9.996996e-01 9.981715e-01 9
9.994113e-01 9.548269e-01 8.973056e-01 9.947003e-01 9.998432e-01 9.999501e-01 9
9.960880e-01 9.371652e-01 8.971812e-01 9.951075e-01 9.998681e-01 9.998500e-01 9
9.826426e-01 9.257347e-01 8.951981e-01 9.963371e-01 9.998931e-01 9.999487e-01 9
9.854413e-01 9.191584e-01 9.141759e-01 9.972176e-01 9.997279e-01 9.979149e-01 9
9.997063e-01 9.923338e-01 9.219395e-01 9.223567e-01 9.996799e-01 9.998837e-01 9
9.995653e-01 9.744266e-01 8.845601e-01 9.771117e-01 9.998827e-01 9.999459e-01 9
9.958217e-01 9.364722e-01 8.913996e-01 9.863412e-01 9.999057e-01 9.995565e-01 9
9.985696e-01 9.290799e-01 9.159905e-01 9.992608e-01 9.996485e-01 9.979340e-01 9
9.997704e-01 9.901847e-01 9.157370e-01 9.542883e-01 9.999301e-01 9.995747e-01 9
9.989432e-01 9.752362e-01 9.034306e-01 9.419812e-01 9.996908e-01 9.997410e-01 9
9.962503e-01 9.554685e-01 8.950378e-01 9.925685e-01 9.999221e-01 9.997327e-01 9
9.946747e-01 9.327867e-01 9.225301e-01 9.981131e-01 9.996951e-01 9.989115e-01 9
9.996585e-01 9.905707e-01 8.883113e-01 9.379411e-01 9.997705e-01 9.996821e-01 9
9.997353e-01 9.840470e-01 8.671150e-01 9.465142e-01 9.998528e-01 9.997275e-01 9
9.995705e-01 9.767186e-01 8.690539e-01 9.410066e-01 9.998108e-01 9.993298e-01 9
9.988070e-01 9.689550e-01 8.789731e-01 9.631884e-01 9.994663e-01 9.993747e-01 9
9.999392e-01 9.888002e-01 8.938536e-01 9.531865e-01 9.998804e-01 9.999444e-01 9
9.999128e-01 9.839699e-01 8.898528e-01 9.528235e-01 9.999469e-01 9.999539e-01 9
9.986382e-01 9.609525e-01 8.895053e-01 9.906462e-01 9.999151e-01 9.996932e-01 9
9.951480e-01 9.544396e-01 8.976518e-01 9.907683e-01 9.997913e-01 9.978790e-01 9
9.996519e-01 9.898153e-01 9.170267e-01 9.605715e-01 9.997408e-01 9.997886e-01 9
9.999561e-01 9.987347e-01 9.386034e-01 9.214763e-01 9.996405e-01 9.999551e-01 9
9.996900e-01 9.781888e-01 8.993908e-01 9.645578e-01 9.998546e-01 9.998643e-01 9
9.994281e-01 9.774170e-01 9.037812e-01 9.857210e-01 9.995781e-01 9.982960e-01 9
9.995437e-01 9.873701e-01 9.039084e-01 9.563993e-01 9.998502e-01 9.999103e-01 9
9.998917e-01 9.843122e-01 9.043616e-01 9.633855e-01 9.999220e-01 9.999311e-01 9
9.998889e-01 9.823089e-01 9.058874e-01 9.527647e-01 9.998941e-01 9.997600e-01 9
9.995533e-01 9.807764e-01 9.080142e-01 9.711367e-01 9.996363e-01 9.984378e-01 9
9.996564e-01 9.901561e-01 9.257660e-01 9.439999e-01 9.998061e-01 9.995643e-01 9
9.998393e-01 9.893567e-01 9.158100e-01 9.466652e-01 9.997138e-01 9.996551e-01 9
9.997120e-01 9.844007e-01 9.235786e-01 9.574063e-01 9.999210e-01 9.997281e-01 9
9.976165e-01 9.701519e-01 8.988410e-01 9.809064e-01 9.997589e-01 9.990661e-01 9
9.989681e-01 9.936838e-01 9.138986e-01 9.269785e-01 9.996905e-01 9.996653e-01 9
9.997513e-01 9.916876e-01 9.240375e-01 9.272004e-01 9.995786e-01 9.996650e-01 9
9.997585e-01 9.836451e-01 9.081669e-01 9.293029e-01 9.997760e-01 9.996025e-01 9
9.995834e-01 9.864943e-01 9.156612e-01 9.402240e-01 9.997372e-01 9.994438e-01 9
9.997111e-01 9.992928e-01 9.503598e-01 9.104340e-01 9.985769e-01 9.999187e-01 9
9.999976e-01 9.890486e-01 9.168703e-01 9.400805e-01 9.999296e-01 9.999574e-01 9
9.999289e-01 9.947232e-01 9.240603e-01 9.335622e-01 9.998878e-01 9.997517e-01 9
9.943061e-01 9.314609e-01 9.120564e-01 9.991509e-01 9.997620e-01 9.978872e-01 9
9.996724e-01 9.851147e-01 9.252475e-01 9.573830e-01 9.997620e-01 9.996792e-01 9
9.995676e-01 9.863289e-01 9.262754e-01 9.448575e-01 9.998426e-01 9.999625e-01 9
9.998877e-01 9.674455e-01 9.121553e-01 9.869219e-01 9.996652e-01 9.998644e-01 9
9.969218e-01 9.736585e-01 9.143403e-01 9.811601e-01 9.995131e-01 9.981203e-01 9
9.994716e-01 9.915461e-01 9.456252e-01 9.490874e-01 9.998552e-01 9.998819e-01 9
9.998775e-01 9.993393e-01 9.715691e-01 9.162101e-01 9.807949e-01 9.998367e-01 9
9.998860e-01 9.891590e-01 9.274537e-01 9.538350e-01 9.998977e-01 9.998065e-01 9
9.886747e-01 9.407855e-01 9.273828e-01 9.983913e-01 9.997011e-01 9.983721e-01 9
9.994927e-01 9.994675e-01 9.788231e-01 9.217397e-01 9.915680e-01 9.994526e-01 9
9.997748e-01 9.832431e-01 9.147396e-01 9.734415e-01 9.997375e-01 9.995985e-01 9
9.995123e-01 9.737268e-01 9.095564e-01 9.778071e-01 9.998520e-01 9.996835e-01 9
9.960080e-01 9.665937e-01 9.132722e-01 9.862721e-01 9.997175e-01 9.987288e-01 9
9.994202e-01 9.686057e-01 8.866856e-01 9.570715e-01 9.997989e-01 9.993957e-01 9
9.994854e-01 9.823074e-01 9.069602e-01 9.551157e-01 9.998515e-01 9.998371e-01 9
9.998619e-01 9.825578e-01 9.046095e-01 9.531980e-01 9.998295e-01 9.997954e-01 9
9.995672e-01 9.610786e-01 9.005932e-01 9.910652e-01 9.998537e-01 9.992142e-01 9
9.998369e-01 9.758693e-01 9.182463e-01 9.739984e-01 9.998622e-01 9.996066e-01 9
9.999754e-01 9.834007e-01 9.209306e-01 9.564240e-01 9.999012e-01 9.999411e-01 9
9.994556e-01 9.620734e-01 9.114819e-01 9.820959e-01 9.999773e-01 9.999716e-01 9
9.954706e-01 9.548570e-01 9.127055e-01 9.912766e-01 9.998875e-01 9.979930e-01 9
9.988086e-01 9.644053e-01 9.142970e-01 9.922452e-01 9.996659e-01 9.996821e-01 9
9.999122e-01 9.822129e-01 9.008522e-01 9.654501e-01 9.998828e-01 9.999031e-01 9
9.971339e-01 9.681437e-01 9.089939e-01 9.826865e-01 9.999312e-01 9.999769e-01 9
9.980935e-01 9.581234e-01 9.072687e-01 9.953713e-01 9.996409e-01 9.980154e-01 9
9.996772e-01 9.850918e-01 9.187596e-01 9.623490e-01 9.997809e-01 9.998612e-01 9
9.998287e-01 9.900924e-01 9.169808e-01 9.590412e-01 9.997165e-01 9.996281e-01 9
9.998179e-01 9.772491e-01 9.145701e-01 9.646881e-01 9.998667e-01 9.998105e-01 9
9.961726e-01 9.536594e-01 9.198904e-01 9.953505e-01 9.996891e-01 9.983927e-01 9
9.998077e-01 9.792147e-01 9.278394e-01 9.534631e-01 9.996867e-01 9.995054e-01 9
9.997982e-01 9.984566e-01 9.509191e-01 9.261666e-01 9.958561e-01 9.996598e-01 9
9.996243e-01 9.901271e-01 9.345566e-01 9.408412e-01 9.977657e-01 9.997126e-01 9
9.957351e-01 9.663099e-01 9.034987e-01 9.886813e-01 9.997417e-01 9.995070e-01 9
