9.997058e-01 9.655906e-01 8.563308e-01 9.785539e-01 9.999320e-01 9.994887e-01 6
9.995614e-01 8.942167e-01 8.747431e-01 9.949650e-01 9.998361e-01 9.997180e-01 6
9.968344e-01 8.805218e-01 9.153684e-01 9.992858e-01 9.997049e-01 9.996764e-01 6
9.974377e-01 8.877245e-01 9.137399e-01 9.988830e-01 9.998171e-01 9.997803e-01 6
9.992840e-01 9.667010e-01 8.496901e-01 9.687910e-01 9.999047e-01 9.998898e-01 6
9.998778e-01 9.252005e-01 8.655062e-01 9.905603e-01 9.998875e-01 9.999368e-01 6
9.998832e-01 9.327792e-01 8.677339e-01 9.863451e-01 9.997391e-01 9.996321e-01 6
9.967477e-01 8.837070e-01 9.066953e-01 9.980870e-01 9.997789e-01 9.984504e-01 6
9.993544e-01 9.676716e-01 8.420296e-01 9.734034e-01 9.997131e-01 9.996616e-01 6
9.997446e-01 9.589829e-01 8.477723e-01 9.630322e-01 9.993130e-01 9.996893e-01 6
9.998973e-01 9.443128e-01 8.592624e-01 9.790472e-01 9.996400e-01 9.995575e-01 6
9.995382e-01 9.340526e-01 8.737436e-01 9.887448e-01 9.997111e-01 9.989845e-01 6
9.994786e-01 9.563713e-01 8.579980e-01 9.784744e-01 9.997678e-01 9.997573e-01 6
9.996808e-01 9.742985e-01 8.436199e-01 9.479717e-01 9.997018e-01 9.997365e-01 6
9.996887e-01 9.797019e-01 8.565642e-01 9.225098e-01 9.986758e-01 9.994862e-01 6
9.996584e-01 9.534858e-01 8.722327e-01 9.842017e-01 9.998012e-01 9.990185e-01 6
9.994877e-01 9.693951e-01 8.688949e-01 9.810709e-01 9.998377e-01 9.996411e-01 6
9.996481e-01 9.854900e-01 8.673348e-01 9.296761e-01 9.986952e-01 9.991320e-01 6
9.997804e-01 9.781482e-01 8.490992e-01 9.269886e-01 9.997167e-01 9.993603e-01 6
9.973866e-01 8.919798e-01 8.981637e-01 9.972675e-01 9.996765e-01 9.994927e-01 6
9.994161e-01 9.452266e-01 8.468028e-01 9.695228e-01 9.998164e-01 9.998268e-01 6
9.998549e-01 9.398388e-01 8.740045e-01 9.897278e-01 9.995525e-01 9.996095e-01 6
9.994336e-01 9.402977e-01 8.713485e-01 9.915422e-01 9.996099e-01 9.998278e-01 6
9.996441e-01 9.477733e-01 8.588491e-01 9.824730e-01 9.995345e-01 9.994091e-01 6
9.996782e-01 9.913072e-01 8.570156e-01 9.280517e-01 9.999322e-01 9.999078e-01 6
9.999273e-01 9.552036e-01 8.493893e-01 9.790163e-01 9.998715e-01 9.997654e-01 6
9.997146e-01 9.155171e-01 8.580236e-01 9.829383e-01 9.997533e-01 9.998280e-01 6
9.951050e-01 8.796704e-01 8.854285e-01 9.944489e-01 9.995269e-01 9.980952e-01 6
9.997507e-01 9.539889e-01 8.353171e-01 9.627551e-01 9.998921e-01 9.999158e-01 6
9.998987e-01 9.530943e-01 8.387424e-01 9.682036e-01 9.994918e-01 9.997038e-01 6
9.998711e-01 9.526383e-01 8.480622e-01 9.760808e-01 9.998255e-01 9.997463e-01 6
9.995905e-01 9.135067e-01 8.663739e-01 9.867881e-01 9.996306e-01 9.987452e-01 6
9.996785e-01 9.419396e-01 8.390299e-01 9.832672e-01 9.998191e-01 9.995532e-01 6
9.996815e-01 9.429687e-01 8.428671e-01 9.679981e-01 9.995986e-01 9.996488e-01 6
9.996530e-01 9.224643e-01 8.627685e-01 9.735894e-01 9.996790e-01 9.996534e-01 6
9.968636e-01 8.906383e-01 8.992678e-01 9.962500e-01 9.996511e-01 9.989137e-01 6
9.997530e-01 9.496080e-01 8.562005e-01 9.794080e-01 9.998224e-01 9.996396e-01 6
9.996949e-01 9.590738e-01 8.376059e-01 9.680913e-01 9.995856e-01 9.993552e-01 6
9.997822e-01 9.269181e-01 8.469526e-01 9.843237e-01 9.998044e-01 9.995810e-01 6
9.997155e-01 9.134703e-01 8.651222e-01 9.876066e-01 9.994371e-01 9.994861e-01 6
9.993808e-01 9.930404e-01 8.609086e-01 9.504526e-01 9.997601e-01 9.997719e-01 6
9.998007e-01 9.722611e-01 8.440926e-01 9.518348e-01 9.996378e-01 9.996148e-01 6
9.998098e-01 9.926397e-01 8.715509e-01 9.202941e-01 9.991835e-01 9.995878e-01 6
9.996081e-01 9.302888e-01 8.756188e-01 9.882073e-01 9.997717e-01 9.997479e-01 6
9.997543e-01 9.667640e-01 8.644935e-01 9.671043e-01 9.998684e-01 9.999621e-01 6
9.999591e-01 9.593987e-01 8.638141e-01 9.740287e-01 9.998825e-01 9.999495e-01 6
9.997075e-01 9.414564e-01 8.623696e-01 9.815138e-01 9.997907e-01 9.998108e-01 6
9.995228e-01 9.310030e-01 8.811468e-01 9.884620e-01 9.994316e-01 9.984151e-01 6
9.998455e-01 9.657968e-01 8.679710e-01 9.698388e-01 9.997829e-01 9.999234e-01 6
9.999601e-01 9.764160e-01 8.662131e-01 9.563644e-01 9.997863e-01 9.999181e-01 6
9.999897e-01 9.868565e-01 8.693101e-01 9.297981e-01 9.994038e-01 9.996918e-01 6
9.997292e-01 9.424963e-01 8.784958e-01 9.817061e-01 9.995133e-01 9.987498e-01 6
9.995913e-01 9.311656e-01 8.768655e-01 9.799896e-01 9.997608e-01 9.998698e-01 6
9.997455e-01 9.873931e-01 8.847789e-01 8.908793e-01 9.917206e-01 9.996420e-01 6
9.996601e-01 9.644653e-01 8.664188e-01 9.486397e-01 9.990770e-01 9.994295e-01 6
9.958815e-01 8.952293e-01 8.542303e-01 9.327418e-01 9.993080e-01 9.989103e-01 6
9.997402e-01 9.770293e-01 8.580155e-01 9.749284e-01 9.997409e-01 9.995361e-01 6
9.997366e-01 9.954396e-01 8.744270e-01 9.364558e-01 9.994615e-01 9.992332e-01 6
9.995492e-01 9.705404e-01 8.533498e-01 9.639656e-01 9.996897e-01 9.989894e-01 6
9.995502e-01 9.310040e-01 8.793998e-01 9.919348e-01 9.993550e-01 9.994356e-01 6
9.993585e-01 9.937564e-01 8.656409e-01 9.449888e-01 9.995385e-01 9.996926e-01 6
9.998828e-01 9.242201e-01 8.619684e-01 9.881332e-01 9.998650e-01 9.996773e-01 6
9.998202e-01 9.124729e-01 8.521563e-01 9.889410e-01 9.996944e-01 9.996518e-01 6
9.990053e-01 8.899500e-01 8.784334e-01 9.959031e-01 9.997668e-01 9.996359e-01 6
9.998515e-01 9.310578e-01 8.555031e-01 9.740294e-01 9.999341e-01 9.999632e-01 6
9.999032e-01 8.997547e-01 8.655779e-01 9.865835e-01 9.999555e-01 9.999621e-01 6
9.998554e-01 9.389801e-01 8.500305e-01 9.788355e-01 9.999499e-01 9.999793e-01 6
9.993290e-01 9.064148e-01 8.771815e-01 9.886023e-01 9.997467e-01 9.985918e-01 6
9.956196e-01 8.794971e-01 8.774251e-01 9.916512e-01 9.998640e-01 9.999250e-01 6
9.999207e-01 9.271970e-01 8.554660e-01 9.861085e-01 9.997568e-01 9.998555e-01 6
9.997867e-01 9.563401e-01 8.495917e-01 9.631803e-01 9.999373e-01 9.999778e-01 6
9.997263e-01 9.447559e-01 8.698729e-01 9.810063e-01 9.996893e-01 9.988776e-01 6
9.994589e-01 9.190855e-01 8.738964e-01 9.917783e-01 9.998435e-01 9.998979e-01 6
9.998819e-01 9.636828e-01 8.434308e-01 9.417998e-01 9.995109e-01 9.998182e-01 6
9.996725e-01 9.101982e-01 8.638803e-01 9.799940e-01 9.995801e-01 9.995245e-01 6
9.994433e-01 9.400113e-01 8.637762e-01 9.747040e-01 9.996542e-01 9.988581e-01 6
9.995778e-01 9.632471e-01 8.628627e-01 9.785190e-01 9.998580e-01 9.995813e-01 6
9.997844e-01 9.571422e-01 8.681889e-01 9.713124e-01 9.997134e-01 9.993376e-01 6
9.996517e-01 9.377464e-01 8.633222e-01 9.765258e-01 9.997033e-01 9.993527e-01 6
9.960525e-01 8.725549e-01 9.269218e-01 9.994101e-01 9.996116e-01 9.994357e-01 6
