9.996522e-01 9.968103e-01 9.094295e-01 9.039178e-01 9.975078e-01 9.998324e-01 7
9.999050e-01 9.978228e-01 9.117389e-01 8.946538e-01 9.985422e-01 9.996993e-01 7
9.998961e-01 9.961257e-01 8.905971e-01 9.168809e-01 9.998443e-01 9.997895e-01 7
9.997312e-01 9.410320e-01 8.801639e-01 9.895338e-01 9.997968e-01 9.992185e-01 7
9.999256e-01 9.979406e-01 9.262282e-01 8.903853e-01 9.968786e-01 9.999722e-01 7
9.999627e-01 9.981467e-01 9.084210e-01 9.167900e-01 9.997672e-01 9.999365e-01 7
9.999496e-01 9.997056e-01 9.207822e-01 8.899182e-01 9.938912e-01 9.999406e-01 7
9.997917e-01 9.660341e-01 8.678451e-01 9.729198e-01 9.995969e-01 9.981960e-01 7
9.997647e-01 9.970605e-01 9.209450e-01 9.003974e-01 9.986069e-01 9.999605e-01 7
9.998389e-01 9.830817e-01 8.671204e-01 9.626624e-01 9.997941e-01 9.998940e-01 7
9.999694e-01 9.868900e-01 8.722426e-01 9.243461e-01 9.997610e-01 9.999413e-01 7
9.996722e-01 9.261161e-01 8.755617e-01 9.875586e-01 9.996809e-01 9.987078e-01 7
9.994954e-01 9.692022e-01 8.597674e-01 9.828929e-01 9.998318e-01 9.997864e-01 7
9.998263e-01 9.997279e-01 9.431370e-01 8.618040e-01 9.790039e-01 9.998422e-01 7
9.998776e-01 9.899699e-01 8.954330e-01 9.059257e-01 9.963856e-01 9.995624e-01 7
9.986653e-01 9.277794e-01 8.735084e-01 9.641072e-01 9.997081e-01 9.987982e-01 7
9.994976e-01 9.957236e-01 8.830522e-01 9.477828e-01 9.998289e-01 9.995527e-01 7
9.998386e-01 9.994982e-01 9.438725e-01 8.903700e-01 9.950328e-01 9.996749e-01 7
9.997738e-01 9.654495e-01 8.761900e-01 9.739693e-01 9.997097e-01 9.993555e-01 7
9.992830e-01 9.251518e-01 8.956703e-01 9.959016e-01 9.993631e-01 9.993648e-01 7
9.997434e-01 9.959387e-01 8.980225e-01 9.317400e-01 9.995695e-01 9.998571e-01 7
9.999075e-01 9.992691e-01 9.152239e-01 9.088607e-01 9.997639e-01 9.998251e-01 7
9.998497e-01 9.778986e-01 8.631312e-01 9.692083e-01 9.998755e-01 9.998557e-01 7
9.991587e-01 9.216514e-01 9.036874e-01 9.992101e-01 9.998160e-01 9.995134e-01 7
9.998955e-01 9.959925e-01 8.978341e-01 9.512338e-01 9.999070e-01 9.999602e-01 7
9.999727e-01 9.884956e-01 8.831539e-01 9.386084e-01 9.999014e-01 9.999526e-01 7
9.999761e-01 9.784335e-01 8.694951e-01 9.352722e-01 9.998911e-01 9.999497e-01 7
9.999189e-01 9.657348e-01 8.787063e-01 9.654918e-01 9.994559e-01 9.981291e-01 7
9.996335e-01 9.623653e-01 8.695023e-01 9.757251e-01 9.998795e-01 9.999293e-01 7
9.998447e-01 9.909254e-01 8.849529e-01 9.101169e-01 9.969439e-01 9.999071e-01 7
9.996877e-01 9.377771e-01 8.752063e-01 9.716970e-01 9.999095e-01 9.999480e-01 7
9.989150e-01 9.275472e-01 8.840791e-01 9.808574e-01 9.994991e-01 9.986943e-01 7
9.994685e-01 9.826874e-01 8.721559e-01 9.576408e-01 9.998392e-01 9.997334e-01 7
9.999047e-01 9.877342e-01 8.740641e-01 9.222215e-01 9.998958e-01 9.999037e-01 7
9.998223e-01 9.852971e-01 8.788147e-01 9.200122e-01 9.989546e-01 9.996769e-01 7
9.934982e-01 9.151452e-01 8.849361e-01 9.865634e-01 9.996323e-01 9.989118e-01 7
9.996967e-01 9.553724e-01 8.755329e-01 9.815207e-01 9.996975e-01 9.995596e-01 7
9.998975e-01 9.728303e-01 8.738811e-01 9.404844e-01 9.984908e-01 9.997309e-01 7
9.998863e-01 9.728658e-01 8.822322e-01 9.261448e-01 9.977464e-01 9.994196e-01 7
9.993066e-01 9.463209e-01 8.718968e-01 9.498703e-01 9.992397e-01 9.993843e-01 7
9.997845e-01 9.987542e-01 9.382366e-01 9.058978e-01 9.994732e-01 9.996175e-01 7
9.998894e-01 9.870742e-01 8.765196e-01 9.579690e-01 9.999337e-01 9.998185e-01 7
9.994603e-01 9.500403e-01 8.564848e-01 9.800473e-01 9.998818e-01 9.998315e-01 7
9.998225e-01 9.496626e-01 8.742388e-01 9.908238e-01 9.997139e-01 9.987176e-01 7
9.998908e-01 9.847657e-01 8.611840e-01 9.477229e-01 9.996922e-01 9.998699e-01 7
9.999354e-01 9.864178e-01 8.801852e-01 9.369891e-01 9.998908e-01 9.998754e-01 7
9.999248e-01 9.900168e-01 8.826980e-01 9.382016e-01 9.992805e-01 9.999268e-01 7
9.998950e-01 9.434638e-01 8.779875e-01 9.877689e-01 9.995684e-01 9.977707e-01 7
9.996769e-01 9.822750e-01 8.711685e-01 9.547065e-01 9.999243e-01 9.999503e-01 7
9.999332e-01 9.909840e-01 8.947775e-01 9.254205e-01 9.996588e-01 9.998894e-01 7
9.999339e-01 9.928398e-01 8.958995e-01 8.989299e-01 9.955654e-01 9.998768e-01 7
9.998934e-01 9.655053e-01 8.765257e-01 9.577546e-01 9.994179e-01 9.982120e-01 7
9.990076e-01 9.365681e-01 8.742614e-01 9.928898e-01 9.997193e-01 9.998373e-01 7
9.999554e-01 9.901238e-01 8.763865e-01 9.210047e-01 9.993134e-01 9.998844e-01 7
9.999044e-01 9.833239e-01 8.949504e-01 9.167778e-01 9.983024e-01 9.995282e-01 7
9.997572e-01 9.714894e-01 8.670290e-01 9.533910e-01 9.996495e-01 9.987008e-01 7
9.995179e-01 9.672065e-01 8.768744e-01 9.946148e-01 9.997002e-01 9.995669e-01 7
9.999312e-01 9.986777e-01 9.278251e-01 8.854941e-01 9.962816e-01 9.995922e-01 7
9.996460e-01 9.739870e-01 8.654293e-01 9.374030e-01 9.998095e-01 9.996638e-01 7
9.994070e-01 9.511027e-01 8.744322e-01 9.826840e-01 9.994232e-01 9.993188e-01 7
9.998939e-01 9.972154e-01 9.032813e-01 9.448257e-01 9.998177e-01 9.998374e-01 7
9.999277e-01 9.998785e-01 9.360565e-01 9.060050e-01 9.996162e-01 9.999436e-01 7
9.997679e-01 9.959893e-01 9.088362e-01 9.057000e-01 9.975552e-01 9.998139e-01 7
9.998838e-01 9.733227e-01 8.763409e-01 9.607305e-01 9.997595e-01 9.995054e-01 7
9.999026e-01 9.869860e-01 8.804186e-01 9.580900e-01 9.998627e-01 9.997783e-01 7
9.999626e-01 9.927812e-01 9.146087e-01 9.047206e-01 9.979270e-01 9.999423e-01 7
9.999203e-01 9.929358e-01 8.952832e-01 9.184466e-01 9.978930e-01 9.996879e-01 7
9.995978e-01 9.529487e-01 8.806741e-01 9.870761e-01 9.994555e-01 9.981242e-01 7
9.996456e-01 9.872727e-01 8.944318e-01 9.614357e-01 9.998666e-01 9.998480e-01 7
9.999145e-01 9.892370e-01 8.952498e-01 9.498973e-01 9.997341e-01 9.998900e-01 7
9.999634e-01 9.726465e-01 8.717491e-01 9.493227e-01 9.972828e-01 9.998866e-01 7
9.998163e-01 9.790983e-01 8.874759e-01 9.551153e-01 9.994834e-01 9.987060e-01 7
9.994434e-01 9.771724e-01 8.844508e-01 9.593767e-01 9.997538e-01 9.997411e-01 7
9.999045e-01 9.966378e-01 9.327188e-01 8.790879e-01 9.918795e-01 9.998607e-01 7
9.999275e-01 9.956487e-01 9.185070e-01 8.924436e-01 9.877705e-01 9.997898e-01 7
9.991992e-01 9.458255e-01 8.814188e-01 9.869917e-01 9.996177e-01 9.988052e-01 7
9.996526e-01 9.979315e-01 9.198066e-01 9.225415e-01 9.990760e-01 9.996060e-01 7
9.999253e-01 9.738706e-01 8.807790e-01 9.502067e-01 9.981594e-01 9.995797e-01 7
9.998197e-01 9.933654e-01 8.935020e-01 9.179182e-01 9.974688e-01 9.993131e-01 7
9.995157e-01 9.503212e-01 8.847378e-01 9.681755e-01 9.994058e-01 9.993025e-01 7
