9.998629e-01 9.918161e-01 9.085659e-01 9.801654e-01 9.999550e-01 9.999602e-01 1
9.999819e-01 9.835714e-01 8.850866e-01 9.945344e-01 9.999737e-01 9.999554e-01 1
9.999847e-01 9.743263e-01 8.844321e-01 9.995190e-01 9.999807e-01 9.999761e-01 1
9.997592e-01 9.360782e-01 9.194142e-01 9.999673e-01 9.999767e-01 9.993098e-01 1
9.998165e-01 9.869097e-01 8.800588e-01 9.641832e-01 9.999983e-01 9.999920e-01 1
9.999237e-01 9.694975e-01 8.713385e-01 9.994515e-01 9.999895e-01 9.999319e-01 1
9.999369e-01 9.743927e-01 8.507759e-01 9.930770e-01 9.999997e-01 9.998812e-01 1
9.999968e-01 9.091747e-01 9.181854e-01 9.999019e-01 9.997501e-01 9.984099e-01 1
9.999397e-01 9.947930e-01 8.942674e-01 9.479844e-01 9.999481e-01 9.999729e-01 1
9.999759e-01 9.854577e-01 8.345707e-01 9.882723e-01 9.999710e-01 9.999692e-01 1
9.999717e-01 9.824349e-01 8.405753e-01 9.869228e-01 9.999880e-01 9.999998e-01 1
9.999863e-01 9.287066e-01 8.877556e-01 9.999425e-01 9.999819e-01 9.991370e-01 1
9.999875e-01 9.956467e-01 8.800267e-01 9.466232e-01 9.999869e-01 9.999337e-01 1
9.999753e-01 9.916064e-01 8.301320e-01 9.837466e-01 9.999922e-01 9.999831e-01 1
9.999998e-01 9.843590e-01 8.429382e-01 9.834446e-01 9.999919e-01 9.999146e-01 1
9.997977e-01 9.270791e-01 8.742318e-01 9.986740e-01 9.999570e-01 9.991908e-01 1
9.998824e-01 9.971535e-01 8.699293e-01 9.698624e-01 9.999296e-01 9.999800e-01 1
9.998681e-01 9.642199e-01 8.508812e-01 9.981162e-01 9.999450e-01 9.999591e-01 1
9.999051e-01 9.780074e-01 8.466945e-01 9.775898e-01 9.998463e-01 9.998717e-01 1
9.898170e-01 8.533966e-01 9.691737e-01 9.999609e-01 9.999768e-01 9.997277e-01 1
9.999160e-01 9.976078e-01 8.998389e-01 9.535554e-01 9.999777e-01 9.999388e-01 1
9.998819e-01 9.999509e-01 9.642878e-01 8.954895e-01 9.997953e-01 9.999641e-01 1
9.999605e-01 9.973799e-01 9.077816e-01 9.320503e-01 9.999862e-01 9.999903e-01 1
9.999055e-01 9.788725e-01 8.607351e-01 9.924264e-01 9.998974e-01 9.990740e-01 1
9.999628e-01 9.854950e-01 8.520766e-01 9.906144e-01 9.999727e-01 9.999876e-01 1
9.999884e-01 9.922015e-01 8.648768e-01 9.447175e-01 9.999990e-01 9.999769e-01 1
9.999863e-01 9.949279e-01 8.738780e-01 9.408803e-01 9.999673e-01 9.999655e-01 1
9.999787e-01 9.562074e-01 8.692094e-01 9.975460e-01 9.998536e-01 9.978289e-01 1
9.999542e-01 9.946480e-01 8.733431e-01 9.430251e-01 9.999818e-01 9.999659e-01 1
9.999737e-01 9.947392e-01 8.582729e-01 9.701905e-01 9.999867e-01 9.999968e-01 1
9.999966e-01 9.989232e-01 9.081903e-01 9.284430e-01 9.998862e-01 9.999996e-01 1
9.999894e-01 9.631903e-01 8.563768e-01 9.978207e-01 9.997655e-01 9.981381e-01 1
9.999129e-01 9.868103e-01 8.323741e-01 9.879452e-01 9.999921e-01 9.999371e-01 1
9.999923e-01 9.921021e-01 8.536711e-01 9.794283e-01 9.999711e-01 9.999601e-01 1
9.999869e-01 9.941828e-01 8.494726e-01 9.669367e-01 9.999748e-01 9.999896e-01 1
9.999803e-01 9.562969e-01 8.726540e-01 9.976777e-01 9.997678e-01 9.988738e-01 1
9.996462e-01 9.972972e-01 8.888251e-01 9.669660e-01 9.999036e-01 9.997196e-01 1
9.999828e-01 9.865783e-01 8.489785e-01 9.807375e-01 9.995699e-01 9.996383e-01 1
9.999220e-01 9.982078e-01 8.919054e-01 9.222114e-01 9.997883e-01 9.998005e-01 1
9.998085e-01 9.783845e-01 8.620636e-01 9.876709e-01 9.994686e-01 9.991478e-01 1
9.997268e-01 9.992662e-01 9.307738e-01 9.159761e-01 9.999013e-01 9.999308e-01 1
9.998040e-01 9.999343e-01 9.432715e-01 8.952590e-01 9.997780e-01 9.998850e-01 1
9.998471e-01 9.993861e-01 9.165390e-01 9.302176e-01 9.999526e-01 9.999130e-01 1
9.995972e-01 9.961989e-01 8.870663e-01 9.718619e-01 9.999766e-01 9.993852e-01 1
9.999450e-01 9.958170e-01 8.605581e-01 9.796277e-01 9.999828e-01 9.998267e-01 1
9.999357e-01 9.999035e-01 9.243684e-01 9.255395e-01 9.998968e-01 9.999920e-01 1
9.999920e-01 9.983728e-01 9.116573e-01 9.229616e-01 9.999804e-01 1.000000e+00 1
9.999579e-01 9.443354e-01 8.926246e-01 9.991969e-01 9.999532e-01 9.983654e-01 1
9.999434e-01 9.968404e-01 8.755894e-01 9.762962e-01 9.998505e-01 9.996315e-01 1
9.997885e-01 9.996564e-01 9.576688e-01 8.904169e-01 9.999133e-01 9.998525e-01 1
1.000000e+00 9.999352e-01 9.431119e-01 9.041133e-01 9.999980e-01 9.999771e-01 1
9.998973e-01 9.851294e-01 8.535754e-01 9.822628e-01 9.999411e-01 9.985540e-01 1
9.999381e-01 9.981324e-01 8.870954e-01 9.378666e-01 9.997623e-01 9.997888e-01 1
9.998190e-01 9.977847e-01 8.767463e-01 9.605415e-01 9.998328e-01 9.999641e-01 1
9.999580e-01 9.989505e-01 8.716750e-01 9.391696e-01 9.999780e-01 9.999812e-01 1
9.999692e-01 9.392956e-01 8.892485e-01 9.997828e-01 9.999155e-01 9.988516e-01 1
9.993765e-01 9.820881e-01 8.544209e-01 9.896400e-01 9.998721e-01 9.998062e-01 1
9.998087e-01 9.948323e-01 8.738363e-01 9.674443e-01 9.996776e-01 9.989837e-01 1
9.995492e-01 9.894000e-01 8.603292e-01 9.638029e-01 9.998293e-01 9.999354e-01 1
9.999380e-01 9.714841e-01 8.607048e-01 9.811067e-01 9.998159e-01 9.991358e-01 1
9.998520e-01 9.991938e-01 8.966936e-01 9.359381e-01 9.999079e-01 9.997272e-01 1
9.995739e-01 9.991673e-01 8.886749e-01 9.181931e-01 9.998616e-01 9.998275e-01 1
9.997178e-01 9.992281e-01 8.910461e-01 9.247607e-01 9.999000e-01 9.999237e-01 1
9.998582e-01 9.937611e-01 8.803178e-01 9.624901e-01 9.999126e-01 9.995243e-01 1
9.999842e-01 9.975142e-01 8.878656e-01 9.125639e-01 9.998920e-01 9.998192e-01 1
9.998322e-01 9.987114e-01 8.831846e-01 9.301627e-01 9.998798e-01 9.999126e-01 1
9.999306e-01 9.887358e-01 8.596009e-01 9.657697e-01 9.999073e-01 9.999833e-01 1
9.989723e-01 9.213905e-01 8.556450e-01 9.957353e-01 9.999117e-01 9.981390e-01 1
9.998127e-01 9.861233e-01 8.433681e-01 9.871270e-01 9.998362e-01 9.997750e-01 1
9.997141e-01 9.945216e-01 8.848031e-01 9.356697e-01 9.996341e-01 9.996424e-01 1
9.998915e-01 9.929441e-01 8.777367e-01 9.628436e-01 9.999907e-01 1.000000e+00 1
9.999929e-01 9.746122e-01 8.476622e-01 9.792276e-01 9.998413e-01 9.980379e-01 1
9.997622e-01 9.859335e-01 8.556096e-01 9.883560e-01 9.999524e-01 9.998868e-01 1
9.998979e-01 9.995380e-01 8.752716e-01 9.323539e-01 9.998417e-01 9.998696e-01 1
9.999043e-01 9.897485e-01 8.510559e-01 9.539520e-01 9.999126e-01 9.999715e-01 1
9.999730e-01 9.426216e-01 8.621898e-01 9.977518e-01 9.998885e-01 9.983501e-01 1
9.994113e-01 9.899864e-01 8.726092e-01 9.772049e-01 9.998720e-01 9.998570e-01 1
9.998404e-01 9.909094e-01 8.633985e-01 9.477046e-01 9.998473e-01 9.997443e-01 1
9.998514e-01 9.992063e-01 9.187424e-01 8.890716e-01 9.997900e-01 9.998472e-01 1
9.999689e-01 9.856157e-01 8.429758e-01 9.647238e-01 9.997819e-01 9.991669e-01 1
