9.998944e-01 9.646685e-01 8.751648e-01 9.043150e-01 9.826297e-01 9.998147e-01 0
9.999106e-01 9.317662e-01 8.845415e-01 8.946975e-01 9.655460e-01 9.999078e-01 0
9.998741e-01 9.615719e-01 8.731987e-01 8.954247e-01 9.820079e-01 9.999688e-01 0
9.995299e-01 9.199196e-01 8.840698e-01 9.365548e-01 9.998343e-01 9.997506e-01 0
9.999690e-01 9.218343e-01 8.875387e-01 8.863258e-01 9.944549e-01 9.999612e-01 0
9.999220e-01 9.652646e-01 8.792094e-01 8.960132e-01 9.924180e-01 9.999693e-01 0
1.000000e+00 9.629311e-01 8.784679e-01 9.005597e-01 9.882245e-01 9.999635e-01 0
9.999825e-01 9.371778e-01 8.764895e-01 9.269037e-01 9.997141e-01 9.987579e-01 0
9.999756e-01 9.593662e-01 8.470794e-01 8.896906e-01 9.975442e-01 9.999585e-01 0
9.999439e-01 9.623881e-01 8.500354e-01 8.857325e-01 9.842822e-01 9.999707e-01 0
9.999221e-01 9.375088e-01 8.943737e-01 9.027330e-01 9.965016e-01 9.999861e-01 0
9.999650e-01 9.272675e-01 8.874980e-01 9.547397e-01 9.999061e-01 9.992980e-01 0
9.999871e-01 9.773457e-01 8.722563e-01 8.916375e-01 9.989066e-01 9.999413e-01 0
9.999850e-01 9.695193e-01 8.687144e-01 9.141844e-01 9.989787e-01 9.999912e-01 0
9.999650e-01 9.122642e-01 8.997574e-01 9.389008e-01 1.000000e+00 9.999844e-01 0
9.998971e-01 9.335276e-01 8.988816e-01 9.525853e-01 9.999523e-01 9.996106e-01 0
9.999164e-01 9.233036e-01 8.825576e-01 9.497488e-01 9.999853e-01 9.998786e-01 0
9.999801e-01 9.367977e-01 9.051700e-01 9.270321e-01 9.999338e-01 9.999404e-01 0
9.868758e-01 8.911795e-01 9.131061e-01 9.643180e-01 9.999105e-01 9.999341e-01 0
9.997332e-01 9.184957e-01 9.043662e-01 9.547443e-01 9.999581e-01 9.998099e-01 0
9.999045e-01 9.821793e-01 8.804466e-01 8.969191e-01 9.492637e-01 9.999695e-01 0
9.998116e-01 9.922547e-01 8.713928e-01 8.881524e-01 9.522548e-01 9.999408e-01 0
9.999435e-01 9.481946e-01 8.658606e-01 8.963060e-01 9.932077e-01 9.999618e-01 0
9.945898e-01 9.017102e-01 8.868141e-01 9.687400e-01 9.998245e-01 9.998276e-01 0
9.999625e-01 9.735278e-01 8.881978e-01 8.958153e-01 9.933033e-01 9.999679e-01 0
9.999992e-01 9.611400e-01 8.759866e-01 8.947785e-01 9.826497e-01 9.999787e-01 0
9.999436e-01 9.399391e-01 9.007647e-01 8.950855e-01 9.893679e-01 9.999883e-01 0
9.979948e-01 9.172895e-01 9.063396e-01 9.542964e-01 9.999387e-01 9.987563e-01 0
9.999920e-01 9.395055e-01 8.950894e-01 9.053260e-01 9.994944e-01 9.999980e-01 0
9.999818e-01 9.534381e-01 9.142017e-01 9.120186e-01 9.965990e-01 9.999920e-01 0
9.999552e-01 9.810003e-01 8.699609e-01 8.968761e-01 9.765560e-01 9.999886e-01 0
9.999054e-01 9.324002e-01 8.944510e-01 9.383523e-01 9.999312e-01 9.992949e-01 0
9.998874e-01 9.701451e-01 8.741217e-01 8.992459e-01 9.653298e-01 9.998250e-01 0
9.999424e-01 9.508505e-01 9.044321e-01 9.094994e-01 9.980211e-01 9.999975e-01 0
9.999920e-01 9.348577e-01 9.110355e-01 9.055585e-01 9.927157e-01 9.999386e-01 0
9.964318e-01 9.025879e-01 8.976705e-01 9.510092e-01 9.999209e-01 9.996851e-01 0
9.999279e-01 9.434011e-01 8.960024e-01 9.064789e-01 9.994240e-01 9.995954e-01 0
9.998244e-01 9.346264e-01 8.923318e-01 9.106874e-01 9.973614e-01 9.995715e-01 0
9.994412e-01 9.286591e-01 9.180459e-01 9.151372e-01 9.965912e-01 9.997477e-01 0
9.842360e-01 9.061757e-01 9.099477e-01 9.718360e-01 9.998493e-01 9.998925e-01 0
9.999662e-01 9.505212e-01 8.897292e-01 8.933648e-01 9.867663e-01 9.999695e-01 0
9.999092e-01 9.545326e-01 8.955737e-01 9.016983e-01 9.908827e-01 9.999818e-01 0
9.999840e-01 9.356752e-01 8.764173e-01 8.972050e-01 9.774990e-01 9.998502e-01 0
9.902251e-01 8.877782e-01 8.991278e-01 9.442489e-01 9.998412e-01 9.998007e-01 0
9.999353e-01 9.011194e-01 8.803600e-01 9.227651e-01 9.999964e-01 1.000000e+00 0
1.000000e+00 9.457057e-01 8.904821e-01 8.994613e-01 9.843487e-01 9.999869e-01 0
9.999729e-01 9.183967e-01 8.997623e-01 9.216565e-01 9.999710e-01 9.999846e-01 0
9.999527e-01 9.460875e-01 9.133303e-01 9.091494e-01 9.776315e-01 9.986876e-01 0
9.999829e-01 9.426628e-01 9.002184e-01 8.913793e-01 9.972537e-01 9.999812e-01 0
9.999512e-01 9.468502e-01 9.080606e-01 8.989544e-01 9.864597e-01 1.000000e+00 0
1.000000e+00 9.206842e-01 8.954657e-01 8.975144e-01 9.883032e-01 9.999858e-01 0
9.966728e-01 9.040700e-01 9.036622e-01 9.279256e-01 9.993881e-01 9.994739e-01 0
9.999384e-01 9.108322e-01 9.053707e-01 9.067628e-01 9.966089e-01 9.999256e-01 0
9.999763e-01 9.688075e-01 8.880588e-01 9.014721e-01 9.656244e-01 9.999842e-01 0
9.999979e-01 9.267002e-01 8.902912e-01 9.039085e-01 9.931858e-01 9.999828e-01 0
9.997912e-01 9.222703e-01 8.971507e-01 9.181281e-01 9.963833e-01 9.998710e-01 0
9.999103e-01 9.364132e-01 8.834490e-01 9.471849e-01 9.998782e-01 9.998814e-01 0
9.987025e-01 9.059545e-01 9.017920e-01 9.504703e-01 9.999415e-01 9.998333e-01 0
9.989352e-01 9.206603e-01 9.194770e-01 9.060962e-01 9.947902e-01 9.996897e-01 0
9.999172e-01 9.303991e-01 9.008408e-01 9.272546e-01 9.998222e-01 9.998650e-01 0
9.999537e-01 9.580945e-01 9.186774e-01 9.128923e-01 9.468025e-01 9.999552e-01 0
9.973544e-01 9.097063e-01 9.234786e-01 9.106955e-01 9.407570e-01 9.999518e-01 0
9.934723e-01 8.977900e-01 9.195229e-01 8.945988e-01 9.541277e-01 9.998591e-01 0
9.999819e-01 9.299385e-01 9.135113e-01 8.834178e-01 9.639063e-01 9.996098e-01 0
9.996736e-01 9.244388e-01 9.166875e-01 8.990978e-01 9.514234e-01 9.999921e-01 0
1.000000e+00 9.324488e-01 8.930218e-01 8.893051e-01 9.432195e-01 9.999788e-01 0
9.984245e-01 9.027173e-01 9.077101e-01 8.784900e-01 9.544830e-01 1.000000e+00 0
9.999109e-01 9.163607e-01 9.157563e-01 8.924670e-01 9.682721e-01 9.985003e-01 0
9.997197e-01 9.267583e-01 9.251212e-01 9.034605e-01 9.468388e-01 9.999827e-01 0
9.915268e-01 9.085269e-01 9.327795e-01 9.100948e-01 9.490946e-01 1.000000e+00 0
9.805088e-01 8.924622e-01 9.225321e-01 8.985714e-01 9.522615e-01 9.999926e-01 0
9.992284e-01 9.120505e-01 9.154237e-01 8.936042e-01 9.519710e-01 9.988397e-01 0
9.999488e-01 9.404700e-01 9.190044e-01 9.138406e-01 9.315042e-01 9.998570e-01 0
9.970168e-01 9.152322e-01 9.161176e-01 9.078751e-01 9.594359e-01 9.999897e-01 0
9.968416e-01 9.138278e-01 9.186012e-01 8.927235e-01 9.784123e-01 9.999569e-01 0
9.999797e-01 9.268209e-01 9.072591e-01 8.909072e-01 9.897555e-01 9.990551e-01 0
9.998841e-01 9.565812e-01 9.153418e-01 8.986715e-01 9.829650e-01 9.995643e-01 0
9.909717e-01 9.086904e-01 9.297663e-01 9.053308e-01 9.544286e-01 9.998748e-01 0
9.808520e-01 9.002472e-01 9.383872e-01 9.187122e-01 9.352863e-01 9.996504e-01 0
9.792885e-01 9.045178e-01 9.395850e-01 9.075867e-01 9.755473e-01 9.995494e-01 0
