9.997931e-01 9.948669e-01 8.109532e-01 8.974319e-01 9.999453e-01 9.997672e-01 8
9.998702e-01 9.352460e-01 8.262898e-01 9.904229e-01 9.999573e-01 9.998581e-01 8
9.998868e-01 9.247548e-01 8.591005e-01 9.874295e-01 9.999177e-01 9.998971e-01 8
9.998851e-01 9.027547e-01 8.873039e-01 9.880977e-01 9.997586e-01 9.995446e-01 8
9.994045e-01 9.627473e-01 8.272902e-01 9.730176e-01 9.999873e-01 9.999862e-01 8
9.999855e-01 9.697203e-01 8.393759e-01 9.819730e-01 9.999034e-01 9.999563e-01 8
9.999554e-01 9.895826e-01 8.307930e-01 9.472690e-01 9.998917e-01 9.999543e-01 8
9.960758e-01 8.707803e-01 9.086324e-01 9.964752e-01 9.997276e-01 9.983679e-01 8
9.997053e-01 9.737001e-01 8.379907e-01 9.760034e-01 9.999698e-01 9.999470e-01 8
9.999788e-01 9.768911e-01 8.432683e-01 9.681377e-01 9.999179e-01 9.999325e-01 8
9.986204e-01 8.947229e-01 8.745915e-01 9.971339e-01 9.999104e-01 9.999792e-01 8
9.983602e-01 8.934877e-01 9.098078e-01 9.980348e-01 9.997630e-01 9.988261e-01 8
9.995975e-01 9.609790e-01 8.635385e-01 9.829856e-01 9.998423e-01 9.999332e-01 8
9.999539e-01 9.727791e-01 8.398987e-01 9.568002e-01 9.999046e-01 9.999727e-01 8
9.999198e-01 9.413678e-01 8.637662e-01 9.801094e-01 9.998561e-01 9.998770e-01 8
9.995689e-01 9.264498e-01 8.900943e-01 9.879640e-01 9.996895e-01 9.995359e-01 8
9.997191e-01 9.999066e-01 9.091044e-01 9.021241e-01 9.997056e-01 9.997501e-01 8
9.999402e-01 9.740665e-01 8.374212e-01 9.776774e-01 9.998370e-01 9.997173e-01 8
9.999078e-01 9.414011e-01 8.680761e-01 9.890953e-01 9.998221e-01 9.998973e-01 8
9.625507e-01 8.741561e-01 9.475545e-01 9.994491e-01 9.998162e-01 9.996441e-01 8
9.998117e-01 9.977661e-01 8.455103e-01 9.197037e-01 9.999468e-01 9.999373e-01 8
9.999657e-01 9.655443e-01 8.297531e-01 9.817627e-01 9.998692e-01 9.998451e-01 8
9.998247e-01 9.598008e-01 8.523321e-01 9.686651e-01 9.999348e-01 9.999301e-01 8
9.871510e-01 8.810452e-01 9.334147e-01 9.989963e-01 9.998014e-01 9.995058e-01 8
9.997216e-01 9.918406e-01 8.750549e-01 9.473258e-01 9.999136e-01 9.999918e-01 8
9.989103e-01 9.088923e-01 8.893963e-01 9.990643e-01 9.999065e-01 9.999381e-01 8
9.999590e-01 9.506679e-01 8.691821e-01 9.759390e-01 9.999145e-01 9.998843e-01 8
9.931747e-01 8.953661e-01 9.302841e-01 9.963407e-01 9.997062e-01 9.982360e-01 8
9.998083e-01 9.945981e-01 8.801533e-01 9.312470e-01 9.998973e-01 9.999307e-01 8
9.999641e-01 9.931685e-01 8.737345e-01 9.586993e-01 9.998066e-01 9.999180e-01 8
9.999343e-01 9.741109e-01 8.602108e-01 9.801696e-01 9.999512e-01 9.999941e-01 8
9.687054e-01 8.947605e-01 9.569594e-01 9.998554e-01 9.997052e-01 9.989112e-01 8
9.996893e-01 9.800838e-01 8.852162e-01 9.753509e-01 9.998845e-01 9.998949e-01 8
9.999462e-01 9.804260e-01 8.679062e-01 9.669951e-01 9.998292e-01 9.999097e-01 8
9.998586e-01 9.456755e-01 8.911712e-01 9.858540e-01 9.998265e-01 9.997752e-01 8
9.955016e-01 9.040145e-01 9.369003e-01 9.980448e-01 9.995643e-01 9.991587e-01 8
9.997315e-01 9.997750e-01 9.150584e-01 9.116314e-01 9.997366e-01 9.998531e-01 8
9.999486e-01 9.858827e-01 8.658814e-01 9.769517e-01 9.995234e-01 9.993905e-01 8
9.995915e-01 9.853830e-01 8.809552e-01 9.542392e-01 9.997692e-01 9.998928e-01 8
9.986639e-01 9.065886e-01 9.336067e-01 9.975010e-01 9.997314e-01 9.996359e-01 8
9.998008e-01 9.987230e-01 8.736575e-01 9.213944e-01 9.997485e-01 9.997447e-01 8
9.999554e-01 9.393803e-01 8.661659e-01 9.974763e-01 9.999051e-01 9.999024e-01 8
9.998810e-01 9.430738e-01 8.706687e-01 9.840169e-01 9.999521e-01 9.997451e-01 8
9.971714e-01 9.226640e-01 9.207784e-01 9.890043e-01 9.998232e-01 9.996314e-01 8
9.999041e-01 9.887873e-01 8.737709e-01 9.689892e-01 9.998913e-01 9.999875e-01 8
9.999828e-01 9.775613e-01 8.807847e-01 9.688649e-01 9.999562e-01 9.999213e-01 8
9.993221e-01 9.321081e-01 9.150347e-01 9.869392e-01 9.998936e-01 9.998885e-01 8
9.989352e-01 9.214559e-01 9.302525e-01 9.993419e-01 9.997167e-01 9.980095e-01 8
9.998248e-01 9.898614e-01 8.854501e-01 9.658254e-01 9.997622e-01 9.998977e-01 8
9.998693e-01 9.776175e-01 8.654814e-01 9.624813e-01 9.997277e-01 9.998330e-01 8
9.998547e-01 9.862108e-01 8.699609e-01 9.544810e-01 9.999021e-01 9.999611e-01 8
9.947795e-01 8.930565e-01 9.499671e-01 9.992554e-01 9.996311e-01 9.986366e-01 8
9.997219e-01 9.965680e-01 8.873675e-01 9.465677e-01 9.997969e-01 9.998718e-01 8
9.969568e-01 9.132471e-01 9.209814e-01 9.983957e-01 9.998387e-01 9.998229e-01 8
9.996807e-01 9.563123e-01 8.655418e-01 9.871618e-01 9.997687e-01 9.994362e-01 8
9.997602e-01 9.559969e-01 8.887840e-01 9.774446e-01 9.994557e-01 9.987908e-01 8
9.995444e-01 9.984817e-01 8.926679e-01 9.214626e-01 9.999472e-01 9.996919e-01 8
9.998409e-01 9.997785e-01 9.411411e-01 8.863177e-01 9.864066e-01 9.998771e-01 8
9.997022e-01 9.690377e-01 8.808926e-01 9.710080e-01 9.998210e-01 9.998301e-01 8
9.690289e-01 9.024966e-01 9.717468e-01 9.997049e-01 9.996129e-01 9.994521e-01 8
9.997966e-01 9.974029e-01 8.831308e-01 9.452144e-01 9.997875e-01 9.995243e-01 8
9.999518e-01 9.999143e-01 9.429381e-01 8.429920e-01 9.941074e-01 9.997046e-01 8
9.997802e-01 9.991212e-01 8.835437e-01 8.923206e-01 9.952369e-01 9.996819e-01 8
9.994067e-01 9.339190e-01 8.727711e-01 9.731018e-01 9.997575e-01 9.996268e-01 8
9.997100e-01 9.769848e-01 8.542574e-01 9.793663e-01 9.998712e-01 9.997978e-01 8
9.998481e-01 9.323989e-01 8.754422e-01 9.936419e-01 9.998132e-01 9.998084e-01 8
9.998263e-01 9.495913e-01 8.687141e-01 9.833892e-01 9.999247e-01 9.999275e-01 8
9.920834e-01 8.944263e-01 9.363083e-01 9.982411e-01 9.996533e-01 9.980225e-01 8
9.996398e-01 9.805310e-01 8.658874e-01 9.819868e-01 9.997854e-01 9.997543e-01 8
9.997136e-01 9.722961e-01 8.767941e-01 9.561681e-01 9.997006e-01 9.998650e-01 8
9.970395e-01 9.170263e-01 9.335886e-01 9.964790e-01 9.998161e-01 9.996967e-01 8
9.991092e-01 9.009514e-01 9.316438e-01 9.996854e-01 9.996387e-01 9.977649e-01 8
9.991401e-01 9.500218e-01 9.201239e-01 9.929359e-01 9.997966e-01 9.997785e-01 8
9.998162e-01 9.887563e-01 8.906330e-01 9.736192e-01 9.997921e-01 9.998253e-01 8
9.998185e-01 9.981826e-01 9.012245e-01 9.398618e-01 9.993049e-01 9.994750e-01 8
9.996681e-01 9.425392e-01 9.001182e-01 9.896466e-01 9.994714e-01 9.977577e-01 8
9.997734e-01 9.688798e-01 9.139807e-01 9.951899e-01 9.998894e-01 9.994472e-01 8
9.998907e-01 9.858287e-01 8.721978e-01 9.719118e-01 9.997699e-01 9.996890e-01 8
9.997782e-01 9.743337e-01 8.891861e-01 9.767020e-01 9.998175e-01 9.996519e-01 8
9.918316e-01 8.860327e-01 9.569336e-01 9.998127e-01 9.996717e-01 9.988819e-01 8
9.997931e-01 9.948669e-01 8.109532e-01 8.974319e-01 9.999453e-01 9.997672e-01 8
9.998702e-01 9.352460e-01 8.262898e-01 9.904229e-01 9.999573e-01 9.998581e-01 8
9.998868e-01 9.247548e-01 8.591005e-01 9.874295e-01 9.999177e-01 9.998971e-01 8
9.998851e-01 9.027547e-01 8.873039e-01 9.880977e-01 9.997586e-01 9.995446e-01 8
9.994045e-01 9.627473e-01 8.272902e-01 9.730176e-01 9.999873e-01 9.999862e-01 8
9.999855e-01 9.697203e-01 8.393759e-01 9.819730e-01 9.999034e-01 9.999563e-01 8
9.999554e-01 9.895826e-01 8.307930e-01 9.472690e-01 9.998917e-01 9.999543e-01 8
9.960758e-01 8.707803e-01 9.086324e-01 9.964752e-01 9.997276e-01 9.983679e-01 8
9.997053e-01 9.737001e-01 8.379907e-01 9.760034e-01 9.999698e-01 9.999470e-01 8
9.999788e-01 9.768911e-01 8.432683e-01 9.681377e-01 9.999179e-01 9.999325e-01 8
9.986204e-01 8.947229e-01 8.745915e-01 9.971339e-01 9.999104e-01 9.999792e-01 8
9.983602e-01 8.934877e-01 9.098078e-01 9.980348e-01 9.997630e-01 9.988261e-01 8
9.995975e-01 9.609790e-01 8.635385e-01 9.829856e-01 9.998423e-01 9.999332e-01 8
9.999539e-01 9.727791e-01 8.398987e-01 9.568002e-01 9.999046e-01 9.999727e-01 8
9.999198e-01 9.413678e-01 8.637662e-01 9.801094e-01 9.998561e-01 9.998770e-01 8
9.995689e-01 9.264498e-01 8.900943e-01 9.879640e-01 9.996895e-01 9.995359e-01 8
9.997191e-01 9.999066e-01 9.091044e-01 9.021241e-01 9.997056e-01 9.997501e-01 8
9.999402e-01 9.740665e-01 8.374212e-01 9.776774e-01 9.998370e-01 9.997173e-01 8
9.999078e-01 9.414011e-01 8.680761e-01 9.890953e-01 9.998221e-01 9.998973e-01 8
9.625507e-01 8.741561e-01 9.475545e-01 9.994491e-01 9.998162e-01 9.996441e-01 8
9.998117e-01 9.977661e-01 8.455103e-01 9.197037e-01 9.999468e-01 9.999373e-01 8
9.999657e-01 9.655443e-01 8.297531e-01 9.817627e-01 9.998692e-01 9.998451e-01 8
9.998247e-01 9.598008e-01 8.523321e-01 9.686651e-01 9.999348e-01 9.999301e-01 8
9.871510e-01 8.810452e-01 9.334147e-01 9.989963e-01 9.998014e-01 9.995058e-01 8
9.997216e-01 9.918406e-01 8.750549e-01 9.473258e-01 9.999136e-01 9.999918e-01 8
9.989103e-01 9.088923e-01 8.893963e-01 9.990643e-01 9.999065e-01 9.999381e-01 8
9.999590e-01 9.506679e-01 8.691821e-01 9.759390e-01 9.999145e-01 9.998843e-01 8
9.931747e-01 8.953661e-01 9.302841e-01 9.963407e-01 9.997062e-01 9.982360e-01 8
9.998083e-01 9.945981e-01 8.801533e-01 9.312470e-01 9.998973e-01 9.999307e-01 8
9.999641e-01 9.931685e-01 8.737345e-01 9.586993e-01 9.998066e-01 9.999180e-01 8
9.999343e-01 9.741109e-01 8.602108e-01 9.801696e-01 9.999512e-01 9.999941e-01 8
9.687054e-01 8.947605e-01 9.569594e-01 9.998554e-01 9.997052e-01 9.989112e-01 8
9.996893e-01 9.800838e-01 8.852162e-01 9.753509e-01 9.998845e-01 9.998949e-01 8
9.999462e-01 9.804260e-01 8.679062e-01 9.669951e-01 9.998292e-01 9.999097e-01 8
9.998586e-01 9.456755e-01 8.911712e-01 9.858540e-01 9.998265e-01 9.997752e-01 8
9.955016e-01 9.040145e-01 9.369003e-01 9.980448e-01 9.995643e-01 9.991587e-01 8
9.997315e-01 9.997750e-01 9.150584e-01 9.116314e-01 9.997366e-01 9.998531e-01 8
9.999486e-01 9.858827e-01 8.658814e-01 9.769517e-01 9.995234e-01 9.993905e-01 8
9.995915e-01 9.853830e-01 8.809552e-01 9.542392e-01 9.997692e-01 9.998928e-01 8
9.986639e-01 9.065886e-01 9.336067e-01 9.975010e-01 9.997314e-01 9.996359e-01 8
9.998008e-01 9.987230e-01 8.736575e-01 9.213944e-01 9.997485e-01 9.997447e-01 8
9.999554e-01 9.393803e-01 8.661659e-01 9.974763e-01 9.999051e-01 9.999024e-01 8
9.998810e-01 9.430738e-01 8.706687e-01 9.840169e-01 9.999521e-01 9.997451e-01 8
9.971714e-01 9.226640e-01 9.207784e-01 9.890043e-01 9.998232e-01 9.996314e-01 8
9.999041e-01 9.887873e-01 8.737709e-01 9.689892e-01 9.998913e-01 9.999875e-01 8
9.999828e-01 9.775613e-01 8.807847e-01 9.688649e-01 9.999562e-01 9.999213e-01 8
9.993221e-01 9.321081e-01 9.150347e-01 9.869392e-01 9.998936e-01 9.998885e-01 8
9.989352e-01 9.214559e-01 9.302525e-01 9.993419e-01 9.997167e-01 9.980095e-01 8
9.998248e-01 9.898614e-01 8.854501e-01 9.658254e-01 9.997622e-01 9.998977e-01 8
9.998693e-01 9.776175e-01 8.654814e-01 9.624813e-01 9.997277e-01 9.998330e-01 8
9.998547e-01 9.862108e-01 8.699609e-01 9.544810e-01 9.999021e-01 9.999611e-01 8
9.947795e-01 8.930565e-01 9.499671e-01 9.992554e-01 9.996311e-01 9.986366e-01 8
9.997219e-01 9.965680e-01 8.873675e-01 9.465677e-01 9.997969e-01 9.998718e-01 8
9.969568e-01 9.132471e-01 9.209814e-01 9.983957e-01 9.998387e-01 9.998229e-01 8
9.996807e-01 9.563123e-01 8.655418e-01 9.871618e-01 9.997687e-01 9.994362e-01 8
9.997602e-01 9.559969e-01 8.887840e-01 9.774446e-01 9.994557e-01 9.987908e-01 8
9.995444e-01 9.984817e-01 8.926679e-01 9.214626e-01 9.999472e-01 9.996919e-01 8
9.998409e-01 9.997785e-01 9.411411e-01 8.863177e-01 9.864066e-01 9.998771e-01 8
9.997022e-01 9.690377e-01 8.808926e-01 9.710080e-01 9.998210e-01 9.998301e-01 8
9.690289e-01 9.024966e-01 9.717468e-01 9.997049e-01 9.996129e-01 9.994521e-01 8
9.997966e-01 9.974029e-01 8.831308e-01 9.452144e-01 9.997875e-01 9.995243e-01 8
9.999518e-01 9.999143e-01 9.429381e-01 8.429920e-01 9.941074e-01 9.997046e-01 8
9.997802e-01 9.991212e-01 8.835437e-01 8.923206e-01 9.952369e-01 9.996819e-01 8
9.994067e-01 9.339190e-01 8.727711e-01 9.731018e-01 9.997575e-01 9.996268e-01 8
9.997100e-01 9.769848e-01 8.542574e-01 9.793663e-01 9.998712e-01 9.997978e-01 8
9.998481e-01 9.323989e-01 8.754422e-01 9.936419e-01 9.998132e-01 9.998084e-01 8
9.998263e-01 9.495913e-01 8.687141e-01 9.833892e-01 9.999247e-01 9.999275e-01 8
9.920834e-01 8.944263e-01 9.363083e-01 9.982411e-01 9.996533e-01 9.980225e-01 8
9.996398e-01 9.805310e-01 8.658874e-01 9.819868e-01 9.997854e-01 9.997543e-01 8
9.997136e-01 9.722961e-01 8.767941e-01 9.561681e-01 9.997006e-01 9.998650e-01 8
9.970395e-01 9.170263e-01 9.335886e-01 9.964790e-01 9.998161e-01 9.996967e-01 8
9.991092e-01 9.009514e-01 9.316438e-01 9.996854e-01 9.996387e-01 9.977649e-01 8
9.991401e-01 9.500218e-01 9.201239e-01 9.929359e-01 9.997966e-01 9.997785e-01 8
9.998162e-01 9.887563e-01 8.906330e-01 9.736192e-01 9.997921e-01 9.998253e-01 8
9.998185e-01 9.981826e-01 9.012245e-01 9.398618e-01 9.993049e-01 9.994750e-01 8
9.996681e-01 9.425392e-01 9.001182e-01 9.896466e-01 9.994714e-01 9.977577e-01 8
9.997734e-01 9.688798e-01 9.139807e-01 9.951899e-01 9.998894e-01 9.994472e-01 8
9.998907e-01 9.858287e-01 8.721978e-01 9.719118e-01 9.997699e-01 9.996890e-01 8
9.997782e-01 9.743337e-01 8.891861e-01 9.767020e-01 9.998175e-01 9.996519e-01 8
9.918316e-01 8.860327e-01 9.569336e-01 9.998127e-01 9.996717e-01 9.988819e-01 8

