9.997191e-01 9.887620e-01 8.959809e-01 9.174614e-01 9.999427e-01 9.999395e-01 4
9.998743e-01 9.619918e-01 8.651003e-01 9.926772e-01 9.999239e-01 9.999377e-01 4
9.999041e-01 9.562579e-01 8.545634e-01 9.920017e-01 9.997334e-01 9.997388e-01 4
9.996785e-01 9.817792e-01 8.858042e-01 9.652015e-01 9.997581e-01 9.997180e-01 4
9.998788e-01 9.661174e-01 8.874177e-01 9.925647e-01 9.999249e-01 9.999450e-01 4
9.999623e-01 9.570620e-01 8.696473e-01 9.915791e-01 9.999907e-01 9.999481e-01 4
9.999658e-01 9.982652e-01 9.152074e-01 8.850095e-01 9.995977e-01 9.999412e-01 4
9.998885e-01 9.463452e-01 8.799577e-01 9.966396e-01 9.999311e-01 9.989107e-01 4
9.998931e-01 9.686728e-01 8.662807e-01 9.769122e-01 9.999002e-01 9.998681e-01 4
9.999531e-01 9.666805e-01 8.629432e-01 9.522527e-01 9.999496e-01 9.999787e-01 4
9.999654e-01 9.466912e-01 8.370729e-01 9.763988e-01 9.998431e-01 9.998124e-01 4
9.995400e-01 9.453046e-01 8.588861e-01 9.952385e-01 9.998069e-01 9.994328e-01 4
9.988408e-01 9.188146e-01 8.739001e-01 9.947396e-01 9.999503e-01 9.999255e-01 4
9.999526e-01 9.677868e-01 8.466545e-01 9.416824e-01 9.999592e-01 9.999367e-01 4
9.998847e-01 9.924356e-01 8.899539e-01 8.753311e-01 9.998439e-01 9.997668e-01 4
9.997488e-01 9.595730e-01 8.760602e-01 9.602504e-01 9.999439e-01 9.997618e-01 4
9.995828e-01 9.519563e-01 8.643793e-01 9.760490e-01 9.998603e-01 9.997557e-01 4
9.993164e-01 9.539061e-01 8.541185e-01 9.896820e-01 9.997751e-01 9.997635e-01 4
9.997502e-01 9.705302e-01 8.363146e-01 9.577095e-01 9.998625e-01 9.998777e-01 4
9.999197e-01 9.364772e-01 8.637387e-01 9.854768e-01 9.998663e-01 9.998590e-01 4
9.997960e-01 9.735865e-01 8.734497e-01 9.382445e-01 9.999072e-01 9.999269e-01 4
9.997909e-01 9.878060e-01 8.721458e-01 9.489745e-01 9.998676e-01 9.999103e-01 4
9.997993e-01 9.968895e-01 8.717776e-01 9.312499e-01 9.996384e-01 9.997915e-01 4
9.994223e-01 9.835276e-01 8.756259e-01 9.604757e-01 9.997551e-01 9.996937e-01 4
9.999320e-01 9.968348e-01 8.832857e-01 9.232855e-01 9.999543e-01 9.999825e-01 4
9.999639e-01 9.773990e-01 8.739318e-01 9.364598e-01 9.999806e-01 9.999341e-01 4
9.999649e-01 9.701968e-01 8.650913e-01 9.474277e-01 9.999418e-01 9.999284e-01 4
9.999285e-01 9.672076e-01 8.551436e-01 9.835734e-01 9.998722e-01 9.986215e-01 4
9.998740e-01 9.702327e-01 8.652923e-01 9.628722e-01 9.998450e-01 9.999310e-01 4
9.999371e-01 9.949042e-01 8.628233e-01 9.230101e-01 9.999648e-01 9.999572e-01 4
9.999291e-01 9.823266e-01 8.587017e-01 9.149117e-01 9.999490e-01 9.999437e-01 4
9.998631e-01 9.311318e-01 8.430590e-01 9.915099e-01 9.998244e-01 9.989877e-01 4
9.997296e-01 9.532760e-01 8.564015e-01 9.296327e-01 9.999020e-01 9.998946e-01 4
9.999215e-01 9.625276e-01 8.367898e-01 9.269933e-01 9.999431e-01 9.999472e-01 4
9.999576e-01 9.667235e-01 8.120767e-01 9.529372e-01 9.999312e-01 9.999261e-01 4
9.998854e-01 9.437211e-01 8.350515e-01 9.861914e-01 9.999270e-01 9.993714e-01 4
9.992952e-01 9.667556e-01 8.452311e-01 9.512171e-01 9.997614e-01 9.997245e-01 4
9.995241e-01 9.781556e-01 8.412549e-01 9.247337e-01 9.997629e-01 9.996639e-01 4
9.995794e-01 9.876833e-01 8.429700e-01 9.408458e-01 9.997368e-01 9.995482e-01 4
9.996489e-01 9.472892e-01 8.418156e-01 9.839228e-01 9.997343e-01 9.997048e-01 4
9.997771e-01 9.648951e-01 8.804297e-01 9.562474e-01 9.999162e-01 9.999477e-01 4
9.998402e-01 9.627292e-01 8.558681e-01 9.793910e-01 9.999298e-01 9.997927e-01 4
9.998903e-01 9.758908e-01 8.578917e-01 9.538259e-01 9.998808e-01 9.998453e-01 4
9.997665e-01 9.755724e-01 8.651387e-01 9.603824e-01 9.997900e-01 9.996966e-01 4
9.997465e-01 9.693770e-01 8.722650e-01 9.609329e-01 9.999643e-01 9.999688e-01 4
9.998882e-01 9.911062e-01 8.738399e-01 9.262740e-01 9.999604e-01 9.999257e-01 4
9.999394e-01 9.652157e-01 8.502036e-01 9.608277e-01 9.999793e-01 9.999836e-01 4
9.999256e-01 9.523438e-01 8.540648e-01 9.909971e-01 9.999352e-01 9.988681e-01 4
9.998716e-01 9.523211e-01 8.627810e-01 9.815140e-01 9.999744e-01 9.999894e-01 4
9.999302e-01 9.595670e-01 8.580429e-01 9.650771e-01 9.999704e-01 9.999709e-01 4
9.999610e-01 9.522775e-01 8.582550e-01 9.468628e-01 9.999278e-01 9.999463e-01 4
9.999290e-01 9.314941e-01 8.675843e-01 9.953186e-01 9.998988e-01 9.994994e-01 4
9.995430e-01 9.320049e-01 8.653437e-01 9.771390e-01 9.999553e-01 9.999558e-01 4
9.999445e-01 9.499152e-01 8.478850e-01 9.587545e-01 9.999738e-01 9.999762e-01 4
9.999753e-01 9.762021e-01 8.355640e-01 9.460843e-01 9.998251e-01 9.999346e-01 4
9.999159e-01 9.410920e-01 8.531088e-01 9.794389e-01 9.998790e-01 9.994391e-01 4
9.996807e-01 9.488682e-01 8.810322e-01 9.750470e-01 9.998828e-01 9.996081e-01 4
9.996843e-01 9.614169e-01 8.803698e-01 9.270229e-01 9.998471e-01 9.996772e-01 4
9.997330e-01 9.417606e-01 8.517312e-01 9.653556e-01 9.999233e-01 9.998415e-01 4
9.857861e-01 8.885639e-01 8.946409e-01 9.998694e-01 9.998948e-01 9.998159e-01 4
9.998229e-01 9.797729e-01 8.955373e-01 9.193874e-01 9.997914e-01 9.999101e-01 4
9.999340e-01 9.644827e-01 8.751665e-01 9.693754e-01 9.999287e-01 9.998898e-01 4
9.965559e-01 8.981754e-01 8.878499e-01 9.996525e-01 9.998754e-01 9.998724e-01 4
9.997901e-01 9.555737e-01 8.597961e-01 9.636933e-01 9.998995e-01 9.997480e-01 4
9.999173e-01 9.858940e-01 8.696542e-01 9.326303e-01 9.999641e-01 9.999556e-01 4
9.999299e-01 9.850268e-01 8.802217e-01 8.862935e-01 9.996282e-01 9.999474e-01 4
9.999136e-01 9.933582e-01 8.935373e-01 8.731616e-01 9.986215e-01 9.999009e-01 4
9.998208e-01 9.655171e-01 8.493746e-01 9.579854e-01 9.998121e-01 9.988394e-01 4
9.998747e-01 9.325977e-01 8.571201e-01 9.727040e-01 9.999428e-01 9.998828e-01 4
9.998229e-01 9.965148e-01 8.881979e-01 8.533719e-01 9.964351e-01 9.999394e-01 4
9.997082e-01 9.383869e-01 8.526091e-01 9.493640e-01 9.998791e-01 9.998238e-01 4
9.977372e-01 9.228129e-01 8.548799e-01 9.916201e-01 9.998419e-01 9.994524e-01 4
9.997301e-01 9.517654e-01 8.540425e-01 9.622178e-01 9.999543e-01 9.999406e-01 4
9.998884e-01 9.747196e-01 8.619156e-01 8.828014e-01 9.999125e-01 9.999227e-01 4
9.998639e-01 9.955417e-01 8.823396e-01 8.834794e-01 9.998831e-01 9.998950e-01 4
9.999472e-01 9.992329e-01 9.097464e-01 8.732177e-01 9.973760e-01 9.996887e-01 4
9.994638e-01 9.651234e-01 8.565567e-01 9.697931e-01 9.997934e-01 9.996590e-01 4
9.996836e-01 9.827115e-01 8.713773e-01 9.165820e-01 9.998241e-01 9.997229e-01 4
9.997342e-01 9.940883e-01 8.962985e-01 8.847052e-01 9.985248e-01 9.997720e-01 4
9.994471e-01 9.166755e-01 8.422895e-01 9.878605e-01 9.997462e-01 9.997619e-01 4
9.997191e-01 9.887620e-01 8.959809e-01 9.174614e-01 9.999427e-01 9.999395e-01 4
9.998743e-01 9.619918e-01 8.651003e-01 9.926772e-01 9.999239e-01 9.999377e-01 4
9.999041e-01 9.562579e-01 8.545634e-01 9.920017e-01 9.997334e-01 9.997388e-01 4
9.996785e-01 9.817792e-01 8.858042e-01 9.652015e-01 9.997581e-01 9.997180e-01 4
9.998788e-01 9.661174e-01 8.874177e-01 9.925647e-01 9.999249e-01 9.999450e-01 4
9.999623e-01 9.570620e-01 8.696473e-01 9.915791e-01 9.999907e-01 9.999481e-01 4
9.999658e-01 9.982652e-01 9.152074e-01 8.850095e-01 9.995977e-01 9.999412e-01 4
9.998885e-01 9.463452e-01 8.799577e-01 9.966396e-01 9.999311e-01 9.989107e-01 4
9.998931e-01 9.686728e-01 8.662807e-01 9.769122e-01 9.999002e-01 9.998681e-01 4
9.999531e-01 9.666805e-01 8.629432e-01 9.522527e-01 9.999496e-01 9.999787e-01 4
9.999654e-01 9.466912e-01 8.370729e-01 9.763988e-01 9.998431e-01 9.998124e-01 4
9.995400e-01 9.453046e-01 8.588861e-01 9.952385e-01 9.998069e-01 9.994328e-01 4
9.988408e-01 9.188146e-01 8.739001e-01 9.947396e-01 9.999503e-01 9.999255e-01 4
9.999526e-01 9.677868e-01 8.466545e-01 9.416824e-01 9.999592e-01 9.999367e-01 4
9.998847e-01 9.924356e-01 8.899539e-01 8.753311e-01 9.998439e-01 9.997668e-01 4
9.997488e-01 9.595730e-01 8.760602e-01 9.602504e-01 9.999439e-01 9.997618e-01 4
9.995828e-01 9.519563e-01 8.643793e-01 9.760490e-01 9.998603e-01 9.997557e-01 4
9.993164e-01 9.539061e-01 8.541185e-01 9.896820e-01 9.997751e-01 9.997635e-01 4
9.997502e-01 9.705302e-01 8.363146e-01 9.577095e-01 9.998625e-01 9.998777e-01 4
9.999197e-01 9.364772e-01 8.637387e-01 9.854768e-01 9.998663e-01 9.998590e-01 4
9.997960e-01 9.735865e-01 8.734497e-01 9.382445e-01 9.999072e-01 9.999269e-01 4
9.997909e-01 9.878060e-01 8.721458e-01 9.489745e-01 9.998676e-01 9.999103e-01 4
9.997993e-01 9.968895e-01 8.717776e-01 9.312499e-01 9.996384e-01 9.997915e-01 4
9.994223e-01 9.835276e-01 8.756259e-01 9.604757e-01 9.997551e-01 9.996937e-01 4
9.999320e-01 9.968348e-01 8.832857e-01 9.232855e-01 9.999543e-01 9.999825e-01 4
9.999639e-01 9.773990e-01 8.739318e-01 9.364598e-01 9.999806e-01 9.999341e-01 4
9.999649e-01 9.701968e-01 8.650913e-01 9.474277e-01 9.999418e-01 9.999284e-01 4
9.999285e-01 9.672076e-01 8.551436e-01 9.835734e-01 9.998722e-01 9.986215e-01 4
9.998740e-01 9.702327e-01 8.652923e-01 9.628722e-01 9.998450e-01 9.999310e-01 4
9.999371e-01 9.949042e-01 8.628233e-01 9.230101e-01 9.999648e-01 9.999572e-01 4
9.999291e-01 9.823266e-01 8.587017e-01 9.149117e-01 9.999490e-01 9.999437e-01 4
9.998631e-01 9.311318e-01 8.430590e-01 9.915099e-01 9.998244e-01 9.989877e-01 4
9.997296e-01 9.532760e-01 8.564015e-01 9.296327e-01 9.999020e-01 9.998946e-01 4
9.999215e-01 9.625276e-01 8.367898e-01 9.269933e-01 9.999431e-01 9.999472e-01 4
9.999576e-01 9.667235e-01 8.120767e-01 9.529372e-01 9.999312e-01 9.999261e-01 4
9.998854e-01 9.437211e-01 8.350515e-01 9.861914e-01 9.999270e-01 9.993714e-01 4
9.992952e-01 9.667556e-01 8.452311e-01 9.512171e-01 9.997614e-01 9.997245e-01 4
9.995241e-01 9.781556e-01 8.412549e-01 9.247337e-01 9.997629e-01 9.996639e-01 4
9.995794e-01 9.876833e-01 8.429700e-01 9.408458e-01 9.997368e-01 9.995482e-01 4
9.996489e-01 9.472892e-01 8.418156e-01 9.839228e-01 9.997343e-01 9.997048e-01 4
9.997771e-01 9.648951e-01 8.804297e-01 9.562474e-01 9.999162e-01 9.999477e-01 4
9.998402e-01 9.627292e-01 8.558681e-01 9.793910e-01 9.999298e-01 9.997927e-01 4
9.998903e-01 9.758908e-01 8.578917e-01 9.538259e-01 9.998808e-01 9.998453e-01 4
9.997665e-01 9.755724e-01 8.651387e-01 9.603824e-01 9.997900e-01 9.996966e-01 4
9.997465e-01 9.693770e-01 8.722650e-01 9.609329e-01 9.999643e-01 9.999688e-01 4
9.998882e-01 9.911062e-01 8.738399e-01 9.262740e-01 9.999604e-01 9.999257e-01 4
9.999394e-01 9.652157e-01 8.502036e-01 9.608277e-01 9.999793e-01 9.999836e-01 4
9.999256e-01 9.523438e-01 8.540648e-01 9.909971e-01 9.999352e-01 9.988681e-01 4
9.998716e-01 9.523211e-01 8.627810e-01 9.815140e-01 9.999744e-01 9.999894e-01 4
9.999302e-01 9.595670e-01 8.580429e-01 9.650771e-01 9.999704e-01 9.999709e-01 4
9.999610e-01 9.522775e-01 8.582550e-01 9.468628e-01 9.999278e-01 9.999463e-01 4
9.999290e-01 9.314941e-01 8.675843e-01 9.953186e-01 9.998988e-01 9.994994e-01 4
9.995430e-01 9.320049e-01 8.653437e-01 9.771390e-01 9.999553e-01 9.999558e-01 4
9.999445e-01 9.499152e-01 8.478850e-01 9.587545e-01 9.999738e-01 9.999762e-01 4
9.999753e-01 9.762021e-01 8.355640e-01 9.460843e-01 9.998251e-01 9.999346e-01 4
9.999159e-01 9.410920e-01 8.531088e-01 9.794389e-01 9.998790e-01 9.994391e-01 4
9.996807e-01 9.488682e-01 8.810322e-01 9.750470e-01 9.998828e-01 9.996081e-01 4
9.996843e-01 9.614169e-01 8.803698e-01 9.270229e-01 9.998471e-01 9.996772e-01 4
9.997330e-01 9.417606e-01 8.517312e-01 9.653556e-01 9.999233e-01 9.998415e-01 4
9.857861e-01 8.885639e-01 8.946409e-01 9.998694e-01 9.998948e-01 9.998159e-01 4
9.998229e-01 9.797729e-01 8.955373e-01 9.193874e-01 9.997914e-01 9.999101e-01 4
9.999340e-01 9.644827e-01 8.751665e-01 9.693754e-01 9.999287e-01 9.998898e-01 4
9.965559e-01 8.981754e-01 8.878499e-01 9.996525e-01 9.998754e-01 9.998724e-01 4
9.997901e-01 9.555737e-01 8.597961e-01 9.636933e-01 9.998995e-01 9.997480e-01 4
9.999173e-01 9.858940e-01 8.696542e-01 9.326303e-01 9.999641e-01 9.999556e-01 4
9.999299e-01 9.850268e-01 8.802217e-01 8.862935e-01 9.996282e-01 9.999474e-01 4
9.999136e-01 9.933582e-01 8.935373e-01 8.731616e-01 9.986215e-01 9.999009e-01 4
9.998208e-01 9.655171e-01 8.493746e-01 9.579854e-01 9.998121e-01 9.988394e-01 4
9.998747e-01 9.325977e-01 8.571201e-01 9.727040e-01 9.999428e-01 9.998828e-01 4
9.998229e-01 9.965148e-01 8.881979e-01 8.533719e-01 9.964351e-01 9.999394e-01 4
9.997082e-01 9.383869e-01 8.526091e-01 9.493640e-01 9.998791e-01 9.998238e-01 4
9.977372e-01 9.228129e-01 8.548799e-01 9.916201e-01 9.998419e-01 9.994524e-01 4
9.997301e-01 9.517654e-01 8.540425e-01 9.622178e-01 9.999543e-01 9.999406e-01 4
9.998884e-01 9.747196e-01 8.619156e-01 8.828014e-01 9.999125e-01 9.999227e-01 4
9.998639e-01 9.955417e-01 8.823396e-01 8.834794e-01 9.998831e-01 9.998950e-01 4
9.999472e-01 9.992329e-01 9.097464e-01 8.732177e-01 9.973760e-01 9.996887e-01 4
9.994638e-01 9.651234e-01 8.565567e-01 9.697931e-01 9.997934e-01 9.996590e-01 4
9.996836e-01 9.827115e-01 8.713773e-01 9.165820e-01 9.998241e-01 9.997229e-01 4
9.997342e-01 9.940883e-01 8.962985e-01 8.847052e-01 9.985248e-01 9.997720e-01 4
9.994471e-01 9.166755e-01 8.422895e-01 9.878605e-01 9.997462e-01 9.997619e-01 4


