9.998293e-01 9.842434e-01 8.939347e-01 9.350704e-01 9.999662e-01 9.998984e-01 3
9.999006e-01 9.925189e-01 9.118107e-01 9.168655e-01 9.996989e-01 9.997849e-01 3
9.996793e-01 9.868600e-01 8.861360e-01 9.514807e-01 9.996364e-01 9.993009e-01 3
9.992493e-01 9.884565e-01 8.898491e-01 9.596470e-01 9.988200e-01 9.996062e-01 3
9.999615e-01 9.785485e-01 8.873058e-01 9.699215e-01 9.999828e-01 9.999301e-01 3
9.999352e-01 9.944098e-01 9.226572e-01 9.172592e-01 9.999438e-01 9.999140e-01 3
9.998210e-01 9.967006e-01 9.424350e-01 9.053368e-01 9.991834e-01 9.998691e-01 3
9.998698e-01 9.816987e-01 8.870627e-01 9.635549e-01 9.998263e-01 9.985222e-01 3
9.999097e-01 9.722591e-01 8.719556e-01 9.643606e-01 9.999523e-01 9.998765e-01 3
9.999121e-01 9.979007e-01 9.336012e-01 8.816116e-01 9.941628e-01 9.999367e-01 3
9.997987e-01 9.984406e-01 9.615333e-01 8.682021e-01 9.568761e-01 9.998997e-01 3
9.999533e-01 9.928854e-01 9.104357e-01 8.929861e-01 9.986521e-01 9.989028e-01 3
9.998604e-01 9.916016e-01 8.894458e-01 9.177315e-01 9.997669e-01 9.998326e-01 3
9.999204e-01 9.841424e-01 8.848228e-01 9.246091e-01 9.997960e-01 9.998275e-01 3
9.998758e-01 9.929220e-01 9.199902e-01 8.604048e-01 9.881271e-01 9.999123e-01 3
9.998522e-01 9.882331e-01 9.049840e-01 8.779541e-01 9.942672e-01 9.992902e-01 3
9.995296e-01 9.875936e-01 8.885721e-01 9.580491e-01 9.999615e-01 9.997308e-01 3
9.999239e-01 9.781833e-01 8.683615e-01 9.449547e-01 9.999134e-01 9.998050e-01 3
9.997968e-01 9.967878e-01 9.182782e-01 8.841825e-01 9.987313e-01 9.995764e-01 3
9.997951e-01 9.893481e-01 8.836500e-01 9.150337e-01 9.996604e-01 9.997323e-01 3
9.997299e-01 9.802125e-01 8.841309e-01 9.444968e-01 9.997780e-01 9.998523e-01 3
9.996860e-01 9.896773e-01 9.142103e-01 8.820669e-01 9.966302e-01 9.995772e-01 3
9.995816e-01 9.943788e-01 9.023295e-01 9.153597e-01 9.995401e-01 9.995020e-01 3
9.994301e-01 9.975718e-01 9.233213e-01 8.897499e-01 9.967831e-01 9.993044e-01 3
9.998068e-01 9.814647e-01 8.736586e-01 9.372636e-01 9.999523e-01 9.998958e-01 3
9.999302e-01 9.913903e-01 9.221620e-01 8.954943e-01 9.982588e-01 9.998500e-01 3
9.997408e-01 9.910927e-01 9.019306e-01 9.031466e-01 9.996498e-01 9.998755e-01 3
9.997671e-01 9.936701e-01 8.984500e-01 8.962072e-01 9.988865e-01 9.981887e-01 3
9.986867e-01 9.552983e-01 8.597306e-01 9.632004e-01 9.999186e-01 9.999056e-01 3
9.967141e-01 9.619780e-01 8.736098e-01 9.409475e-01 9.998567e-01 9.998196e-01 3
9.998827e-01 9.799621e-01 8.814940e-01 9.284306e-01 9.998748e-01 9.998968e-01 3
9.996829e-01 9.636919e-01 8.678688e-01 9.683108e-01 9.998258e-01 9.988478e-01 3
9.992350e-01 9.697838e-01 8.675759e-01 9.442898e-01 9.998221e-01 9.997115e-01 3
9.987315e-01 9.537797e-01 8.509524e-01 9.604275e-01 9.998632e-01 9.998758e-01 3
9.998361e-01 9.959438e-01 9.239843e-01 8.579922e-01 9.886710e-01 9.998330e-01 3
9.999051e-01 9.647345e-01 8.594904e-01 9.596554e-01 9.997724e-01 9.988655e-01 3
9.994248e-01 9.753750e-01 8.677938e-01 9.275113e-01 9.998693e-01 9.996060e-01 3
9.987134e-01 9.527108e-01 8.456459e-01 9.673769e-01 9.998050e-01 9.995584e-01 3
9.994545e-01 9.958448e-01 9.284137e-01 8.868879e-01 9.969695e-01 9.999086e-01 3
9.996794e-01 9.606955e-01 8.708307e-01 9.857484e-01 9.991865e-01 9.984107e-01 3
9.997727e-01 9.967234e-01 9.186544e-01 8.935252e-01 9.853092e-01 9.998472e-01 3
9.996148e-01 9.963348e-01 9.074044e-01 9.126648e-01 9.991944e-01 9.998487e-01 3
9.995907e-01 9.922925e-01 8.892652e-01 9.445197e-01 9.997507e-01 9.995895e-01 3
9.994490e-01 9.953754e-01 9.114081e-01 9.313516e-01 9.991547e-01 9.993628e-01 3
9.999285e-01 9.898435e-01 8.942079e-01 9.494220e-01 9.999662e-01 9.998874e-01 3
9.999624e-01 9.975777e-01 9.443557e-01 8.921760e-01 9.981741e-01 9.998464e-01 3
9.998694e-01 9.992520e-01 9.603379e-01 8.717361e-01 9.813662e-01 9.999504e-01 3
9.999334e-01 9.877903e-01 8.959029e-01 9.541737e-01 9.997545e-01 9.984821e-01 3
9.999059e-01 9.875006e-01 9.073695e-01 9.231526e-01 9.999058e-01 9.999635e-01 3
9.999832e-01 9.955499e-01 9.198462e-01 8.963238e-01 9.988619e-01 9.997794e-01 3
9.999175e-01 9.999464e-01 9.715845e-01 8.703454e-01 9.610186e-01 9.999249e-01 3
9.998196e-01 9.879534e-01 8.912763e-01 9.600605e-01 9.997585e-01 9.985351e-01 3
9.997063e-01 9.873691e-01 8.938892e-01 9.618542e-01 9.999384e-01 9.998118e-01 3
9.998984e-01 9.959508e-01 9.328010e-01 9.059134e-01 9.967894e-01 9.999503e-01 3
9.999713e-01 9.956397e-01 9.155186e-01 9.057178e-01 9.973926e-01 9.996584e-01 3
9.995759e-01 9.895917e-01 8.884145e-01 9.234389e-01 9.998203e-01 9.986842e-01 3
9.995824e-01 9.860853e-01 8.884580e-01 9.532841e-01 9.998643e-01 9.997901e-01 3
9.999159e-01 9.871913e-01 8.872027e-01 9.398479e-01 9.997514e-01 9.994825e-01 3
9.996695e-01 9.950707e-01 9.129501e-01 8.853871e-01 9.988006e-01 9.998596e-01 3
9.997508e-01 9.812806e-01 8.743562e-01 9.442666e-01 9.995543e-01 9.992256e-01 3
9.998206e-01 9.943380e-01 9.035212e-01 9.303634e-01 9.998186e-01 9.998990e-01 3
9.995046e-01 9.918208e-01 9.123017e-01 9.152383e-01 9.993732e-01 9.997817e-01 3
9.997339e-01 9.952452e-01 9.109426e-01 9.198019e-01 9.996551e-01 9.996035e-01 3
9.994739e-01 9.957159e-01 9.178501e-01 9.108926e-01 9.997216e-01 9.995770e-01 3
9.999129e-01 9.747133e-01 8.832950e-01 9.661526e-01 9.999861e-01 9.999847e-01 3
9.999518e-01 9.848534e-01 8.838011e-01 9.456000e-01 9.998991e-01 9.999658e-01 3
9.999014e-01 9.714906e-01 8.741322e-01 9.575712e-01 9.999535e-01 9.999068e-01 3
9.999333e-01 9.893110e-01 8.896380e-01 9.404234e-01 9.997169e-01 9.981237e-01 3
9.995334e-01 9.750868e-01 8.855734e-01 9.576809e-01 9.999016e-01 9.999663e-01 3
9.995518e-01 9.763614e-01 8.922826e-01 9.232759e-01 9.999020e-01 9.999539e-01 3
9.999353e-01 9.953366e-01 9.113961e-01 8.814913e-01 9.862769e-01 9.999181e-01 3
9.998766e-01 9.815357e-01 8.866529e-01 9.384679e-01 9.996074e-01 9.987653e-01 3
9.997398e-01 9.845840e-01 8.870365e-01 9.340579e-01 9.997214e-01 9.998220e-01 3
9.999060e-01 9.911334e-01 9.005594e-01 8.908407e-01 9.977970e-01 9.999489e-01 3
9.999585e-01 9.934955e-01 9.091447e-01 8.855409e-01 9.946806e-01 9.999563e-01 3
9.997505e-01 9.681206e-01 8.697152e-01 9.613761e-01 9.998287e-01 9.989808e-01 3
9.996384e-01 9.948796e-01 9.085093e-01 9.121128e-01 9.990669e-01 9.996557e-01 3
9.995537e-01 9.762909e-01 8.694929e-01 9.424779e-01 9.997921e-01 9.996883e-01 3
9.995577e-01 9.766230e-01 8.988881e-01 8.909974e-01 9.986507e-01 9.992103e-01 3
9.993152e-01 9.802873e-01 8.872005e-01 9.062733e-01 9.994040e-01 9.996392e-01 3
9.998293e-01 9.842434e-01 8.939347e-01 9.350704e-01 9.999662e-01 9.998984e-01 3
9.999006e-01 9.925189e-01 9.118107e-01 9.168655e-01 9.996989e-01 9.997849e-01 3
9.996793e-01 9.868600e-01 8.861360e-01 9.514807e-01 9.996364e-01 9.993009e-01 3
9.992493e-01 9.884565e-01 8.898491e-01 9.596470e-01 9.988200e-01 9.996062e-01 3
9.999615e-01 9.785485e-01 8.873058e-01 9.699215e-01 9.999828e-01 9.999301e-01 3
9.999352e-01 9.944098e-01 9.226572e-01 9.172592e-01 9.999438e-01 9.999140e-01 3
9.998210e-01 9.967006e-01 9.424350e-01 9.053368e-01 9.991834e-01 9.998691e-01 3
9.998698e-01 9.816987e-01 8.870627e-01 9.635549e-01 9.998263e-01 9.985222e-01 3
9.999097e-01 9.722591e-01 8.719556e-01 9.643606e-01 9.999523e-01 9.998765e-01 3
9.999121e-01 9.979007e-01 9.336012e-01 8.816116e-01 9.941628e-01 9.999367e-01 3
9.997987e-01 9.984406e-01 9.615333e-01 8.682021e-01 9.568761e-01 9.998997e-01 3
9.999533e-01 9.928854e-01 9.104357e-01 8.929861e-01 9.986521e-01 9.989028e-01 3
9.998604e-01 9.916016e-01 8.894458e-01 9.177315e-01 9.997669e-01 9.998326e-01 3
9.999204e-01 9.841424e-01 8.848228e-01 9.246091e-01 9.997960e-01 9.998275e-01 3
9.998758e-01 9.929220e-01 9.199902e-01 8.604048e-01 9.881271e-01 9.999123e-01 3
9.998522e-01 9.882331e-01 9.049840e-01 8.779541e-01 9.942672e-01 9.992902e-01 3
9.995296e-01 9.875936e-01 8.885721e-01 9.580491e-01 9.999615e-01 9.997308e-01 3
9.999239e-01 9.781833e-01 8.683615e-01 9.449547e-01 9.999134e-01 9.998050e-01 3
9.997968e-01 9.967878e-01 9.182782e-01 8.841825e-01 9.987313e-01 9.995764e-01 3
9.997951e-01 9.893481e-01 8.836500e-01 9.150337e-01 9.996604e-01 9.997323e-01 3
9.997299e-01 9.802125e-01 8.841309e-01 9.444968e-01 9.997780e-01 9.998523e-01 3
9.996860e-01 9.896773e-01 9.142103e-01 8.820669e-01 9.966302e-01 9.995772e-01 3
9.995816e-01 9.943788e-01 9.023295e-01 9.153597e-01 9.995401e-01 9.995020e-01 3
9.994301e-01 9.975718e-01 9.233213e-01 8.897499e-01 9.967831e-01 9.993044e-01 3
9.998068e-01 9.814647e-01 8.736586e-01 9.372636e-01 9.999523e-01 9.998958e-01 3
9.999302e-01 9.913903e-01 9.221620e-01 8.954943e-01 9.982588e-01 9.998500e-01 3
9.997408e-01 9.910927e-01 9.019306e-01 9.031466e-01 9.996498e-01 9.998755e-01 3
9.997671e-01 9.936701e-01 8.984500e-01 8.962072e-01 9.988865e-01 9.981887e-01 3
9.986867e-01 9.552983e-01 8.597306e-01 9.632004e-01 9.999186e-01 9.999056e-01 3
9.967141e-01 9.619780e-01 8.736098e-01 9.409475e-01 9.998567e-01 9.998196e-01 3
9.998827e-01 9.799621e-01 8.814940e-01 9.284306e-01 9.998748e-01 9.998968e-01 3
9.996829e-01 9.636919e-01 8.678688e-01 9.683108e-01 9.998258e-01 9.988478e-01 3
9.992350e-01 9.697838e-01 8.675759e-01 9.442898e-01 9.998221e-01 9.997115e-01 3
9.987315e-01 9.537797e-01 8.509524e-01 9.604275e-01 9.998632e-01 9.998758e-01 3
9.998361e-01 9.959438e-01 9.239843e-01 8.579922e-01 9.886710e-01 9.998330e-01 3
9.999051e-01 9.647345e-01 8.594904e-01 9.596554e-01 9.997724e-01 9.988655e-01 3
9.994248e-01 9.753750e-01 8.677938e-01 9.275113e-01 9.998693e-01 9.996060e-01 3
9.987134e-01 9.527108e-01 8.456459e-01 9.673769e-01 9.998050e-01 9.995584e-01 3
9.994545e-01 9.958448e-01 9.284137e-01 8.868879e-01 9.969695e-01 9.999086e-01 3
9.996794e-01 9.606955e-01 8.708307e-01 9.857484e-01 9.991865e-01 9.984107e-01 3
9.997727e-01 9.967234e-01 9.186544e-01 8.935252e-01 9.853092e-01 9.998472e-01 3
9.996148e-01 9.963348e-01 9.074044e-01 9.126648e-01 9.991944e-01 9.998487e-01 3
9.995907e-01 9.922925e-01 8.892652e-01 9.445197e-01 9.997507e-01 9.995895e-01 3
9.994490e-01 9.953754e-01 9.114081e-01 9.313516e-01 9.991547e-01 9.993628e-01 3
9.999285e-01 9.898435e-01 8.942079e-01 9.494220e-01 9.999662e-01 9.998874e-01 3
9.999624e-01 9.975777e-01 9.443557e-01 8.921760e-01 9.981741e-01 9.998464e-01 3
9.998694e-01 9.992520e-01 9.603379e-01 8.717361e-01 9.813662e-01 9.999504e-01 3
9.999334e-01 9.877903e-01 8.959029e-01 9.541737e-01 9.997545e-01 9.984821e-01 3
9.999059e-01 9.875006e-01 9.073695e-01 9.231526e-01 9.999058e-01 9.999635e-01 3
9.999832e-01 9.955499e-01 9.198462e-01 8.963238e-01 9.988619e-01 9.997794e-01 3
9.999175e-01 9.999464e-01 9.715845e-01 8.703454e-01 9.610186e-01 9.999249e-01 3
9.998196e-01 9.879534e-01 8.912763e-01 9.600605e-01 9.997585e-01 9.985351e-01 3
9.997063e-01 9.873691e-01 8.938892e-01 9.618542e-01 9.999384e-01 9.998118e-01 3
9.998984e-01 9.959508e-01 9.328010e-01 9.059134e-01 9.967894e-01 9.999503e-01 3
9.999713e-01 9.956397e-01 9.155186e-01 9.057178e-01 9.973926e-01 9.996584e-01 3
9.995759e-01 9.895917e-01 8.884145e-01 9.234389e-01 9.998203e-01 9.986842e-01 3
9.995824e-01 9.860853e-01 8.884580e-01 9.532841e-01 9.998643e-01 9.997901e-01 3
9.999159e-01 9.871913e-01 8.872027e-01 9.398479e-01 9.997514e-01 9.994825e-01 3
9.996695e-01 9.950707e-01 9.129501e-01 8.853871e-01 9.988006e-01 9.998596e-01 3
9.997508e-01 9.812806e-01 8.743562e-01 9.442666e-01 9.995543e-01 9.992256e-01 3
9.998206e-01 9.943380e-01 9.035212e-01 9.303634e-01 9.998186e-01 9.998990e-01 3
9.995046e-01 9.918208e-01 9.123017e-01 9.152383e-01 9.993732e-01 9.997817e-01 3
9.997339e-01 9.952452e-01 9.109426e-01 9.198019e-01 9.996551e-01 9.996035e-01 3
9.994739e-01 9.957159e-01 9.178501e-01 9.108926e-01 9.997216e-01 9.995770e-01 3
9.999129e-01 9.747133e-01 8.832950e-01 9.661526e-01 9.999861e-01 9.999847e-01 3
9.999518e-01 9.848534e-01 8.838011e-01 9.456000e-01 9.998991e-01 9.999658e-01 3
9.999014e-01 9.714906e-01 8.741322e-01 9.575712e-01 9.999535e-01 9.999068e-01 3
9.999333e-01 9.893110e-01 8.896380e-01 9.404234e-01 9.997169e-01 9.981237e-01 3
9.995334e-01 9.750868e-01 8.855734e-01 9.576809e-01 9.999016e-01 9.999663e-01 3
9.995518e-01 9.763614e-01 8.922826e-01 9.232759e-01 9.999020e-01 9.999539e-01 3
9.999353e-01 9.953366e-01 9.113961e-01 8.814913e-01 9.862769e-01 9.999181e-01 3
9.998766e-01 9.815357e-01 8.866529e-01 9.384679e-01 9.996074e-01 9.987653e-01 3
9.997398e-01 9.845840e-01 8.870365e-01 9.340579e-01 9.997214e-01 9.998220e-01 3
9.999060e-01 9.911334e-01 9.005594e-01 8.908407e-01 9.977970e-01 9.999489e-01 3
9.999585e-01 9.934955e-01 9.091447e-01 8.855409e-01 9.946806e-01 9.999563e-01 3
9.997505e-01 9.681206e-01 8.697152e-01 9.613761e-01 9.998287e-01 9.989808e-01 3
9.996384e-01 9.948796e-01 9.085093e-01 9.121128e-01 9.990669e-01 9.996557e-01 3
9.995537e-01 9.762909e-01 8.694929e-01 9.424779e-01 9.997921e-01 9.996883e-01 3
9.995577e-01 9.766230e-01 8.988881e-01 8.909974e-01 9.986507e-01 9.992103e-01 3
9.993152e-01 9.802873e-01 8.872005e-01 9.062733e-01 9.994040e-01 9.996392e-01 3